num1 waist-torso (clockwise around waist)
num2 waist-leftknee
num3 leftknee-leftankle
num4 leftankl-leftball
num5 leftball-lefttoe
num6 waist-rightknee
num7 rightknee-rightankle
num8 rightball-righttoe
num9 shoulder-leftarm
num10 Waist-Head ???????
num11 shoulder-left elbow
num12 left elbow- left hand
num13 shoulder-right elbow
num14  right elbow-hand
num15 shoulder-head
num16 waist

Running on hands animation
-1 11 460
80 130 -45 90 0 250 -45 90 0 0 115 95 225 90 -5 290 0
80 200 -120 100 0 190 -45 120 25 0 155 90 175 95 0 290 .2
80 250 -45 90 0 130 -45 90 0 0 225 90 115 95 -5 290 .5
80 190 -45 120 25 200 -120 100 0 0 175 95 155 90 0 290 .8
80 130 -45 90 0 250 -45 90 0 0 115 95 225 90 -5 290 1
0 122 -27 45 0 175 -27 0 0 57 240 53 295 53 70 310 0

Walking on hands part
-80 180 -95 90 0 190 -105 90 0 0 -10 100 -10 10 100 470 0
-80 180 -115 90 0 190 -125 90 0 0 20 10 -50 10 100 440 .15
-80 180 -95 90 0 190 -105 90 0 0 -10 10 -10 100 100 470 .3
-80 180 -115 90 0 190 -125 90 0 0 -50 10 20 10 100 440 .45
-80 180 -95 90 0 190 -105 90 0 0 -10 100 -10 10 100 470 .6

Walking
-1 7 305
85 200 -70 100 0 185 0 70 0 0 180 90 180 95 0 305 0
85 200 -70 100 0 185 0 90 0 0 180 90 180 95 0 305 .2
85 240 -70 100 0 155 0 120 0 0 235 90 125 95 0 283 .4
85 225 -35 80 0 155 -30 60 90 0 255 90 105 95 0 288 .6
85 185 0 90 0 200 -70 100 0 0 175 90 185 95 0 305 .8
85 155 0 120 0 240 -70 100 0 0 155 90 205 95 0 283 1
85 155 -30 60 90 225 -35 80 0 0 135 90 225 95 0 288 1.2

Pumping Animation
5
80 250 -45 90 0 130 -45 90 0 0 115 95 190 160 -5 0
80 250 -45 90 0 130 -45 90 0 0 115 95 360 0 -5 0.25
80 250 -45 90 0 130 -45 90 0 0 115 95 190 160 -5 0.5
80 250 -45 90 0 130 -45 90 0 0 115 95 360 0 -5 0.75
80 250 -45 90 0 130 -45 90 0 0 115 95 190 160 -5 1

Hand Stand
-1 6 460
-80 180 -105 90 0 190 -115 90 0 0 -35 50 0 60 100 460 0
-80 180 -105 90 0 190 -115 90 0 0 -35 50 0 60 100 460 .2
-80 180 -105 90 0 190 -115 90 0 0 -35 50 0 60 100 460 .4
-80 180 -105 90 0 190 -115 90 0 0 -35 50 0 60 100 460 .6
-80 180 -105 90 0 190 -115 90 0 0 -35 50 0 60 100 460 .8
-80 180 -105 90 0 190 -115 90 0 0 -35 50 0 60 100 460 1

Amazing Slip and Slide Animation
-1 13 290
80 130 -45 90 0 250 -45 90 0 0 115 95 225 90 -5 290 0
80 200 -120 100 0 190 -45 120 25 0 155 90 175 95 0 290 .2
80 250 -45 90 0 130 -45 90 0 0 225 90 115 95 -5 290 .5
80 190 -45 120 25 200 -120 100 0 0 175 95 155 90 0 290 .8
80 130 -45 90 0 250 -45 90 0 0 115 95 225 90 -5 290 1
0 122 -27 45 0 175 -27 0 0 57 240 53 295 53 70 310 1.2
0 175 -10 0 0 175 -10 0 0 0 365 8 365 8 50 110 1.6
0 175 -10 0 0 175 -10 0 0 0 365 8 365 8 50 110 2
80 130 -45 90 0 250 -45 90 0 0 115 95 225 90 -5 290 2.2
80 200 -120 100 0 190 -45 120 25 0 155 90 175 95 0 290 2.4
80 250 -45 90 0 130 -45 90 0 0 225 90 115 95 -5 290 2.7
80 190 -45 120 25 200 -120 100 0 0 175 95 155 90 0 290 3
80 130 -45 90 0 250 -45 90 0 0 115 95 225 90 -5 290 3.2

Running Slide Right Leg out
-1 12 290
80 130 -45 90 0 250 -45 90 0 0 115 95 225 90 -5 290 0
80 200 -120 100 0 190 -45 120 25 0 155 90 175 95 0 290 .2
80 250 -45 90 0 130 -45 90 0 0 225 90 115 95 -5 290 .5
80 190 -45 120 25 200 -120 100 0 0 175 95 155 90 0 290 .8
80 130 -45 90 0 250 -45 90 0 0 115 95 225 90 -5 290 1
155 200 -125 137 0 190 -25 61 0 0 70 10 170 90 -5 195 1.2
155 200 -125 137 0 190 -25 61 0 0 70 10 170 90 -5 195 1.5
155 200 -125 137 0 190 -25 61 0 0 70 10 170 90 -5 195 1.6
155 200 -125 137 0 190 -25 61 0 0 70 10 170 90 -5 245 1.7
80 200 -120 100 0 190 -45 120 25 0 155 90 175 95 0 290 1.8
80 250 -45 90 0 130 -45 90 0 0 225 90 115 95 -5 290 2.1

Running Slide Left Leg out
10
80 250 -45 90 0 130 -45 90 0 0 115 95 225 90 -5 0
80 190 -45 120 25 200 -120 100 0 0 155 90 175 95 0 .2
80 130 -45 90 0 250 -45 90 0 0 225 90 115 95 -5 .5
80 200 -120 100 0 190 -45 120 25 0 175 95 155 90 0 .8
80 250 -45 90 0 130 -45 90 0 0 115 95 225 90 -5 1
155 190 -25 31 0 190 -135 147 0 0 70 10 170 90 -5 1.5
155 190 -25 61 0 190 -135 147 0 0 70 10 170 90 -5 1.8
155 190 -25 61 0 190 -135 147 0 0 70 10 170 90 -5 1.9
80 190 -45 120 25 200 -120 100 0 0 155 90 175 95 0 2.2
80 130 -45 90 0 250 -45 90 0 0 225 90 115 95 -5 2.5

Fall Frame
3
15 190 -15 17 0 165 -16 16 -0 0 48 23 24 24 39 0
15 190 -15 17 0 165 -16 16 -0 0 48 23 24 24 39 1
15 190 -15 17 0 165 -16 16 -0 0 48 23 24 24 39 2

Left leg back
80 130 -45 90 0 190 -45 120 0 0 135 95 -135 90 -5 0
80 130 -45 90 0 190 -45 120 0 0 135 95 -135 90 -5 1
80 130 -45 90 0 190 -45 120 0 0 135 95 -135 90 -5 2

Legs together
80 200 -120 100 0 190 -45 120 25 0 155 90 175 95 0 1

Running Animation RightLegForward
-1 5 290
80 130 -45 90 0 250 -45 90 0 0 115 95 225 90 -5 290 0
80 200 -120 100 0 190 -45 120 25 0 155 90 175 95 0 290 .2
80 250 -45 90 0 130 -45 90 0 0 225 90 115 95 -5 290 .5
80 190 -45 120 25 200 -120 100 0 0 175 95 155 90 0 290 .8
80 130 -45 90 0 250 -45 90 0 0 115 95 225 90 -5 290 1

Running Animation LeftLegForward
-1 5 290
80 250 -45 90 0 130 -45 90 0 0 225 90 115 95 -5 290 0
80 190 -45 120 25 200 -120 100 0 0 175 95 155 90 0 290 .2
80 130 -45 90 0 250 -45 90 0 0 115 95 225 90 -5 290 .5
80 200 -120 100 0 190 -45 120 25 0 155 90 175 95 0 290 .8
80 250 -45 90 0 130 -45 90 0 0 225 90 115 95 -5 290 1

Slip Animation:
160 130 -45 110 0 250 -45 90 0 0 115 70 225 90 -5 0
160 130 -45 110 0 250 -45 90 0 0 115 70 225 90 -5 0.5
210 150 -45 110 0 250 -45 90 0 0 115 70 225 90 -5 1
210 150 -45 110 0 250 -45 90 0 0 115 70 225 90 -5 1.5

Slide I think
155 190 -135 147 0 190 -25 31 0 0 70 10 170 90 -5 0
155 190 -135 147 0 190 -25 61 0 0 70 10 170 90 -5 .1
155 190 -135 147 0 190 -25 61 0 0 70 10 170 90 -5 .2

Stomach Slide
0 175 -10 0 0 175 -10 0 0 0 5 8 5 8 50 0
0 175 -10 0 0 175 -10 0 0 0 5 8 5 8 50 1
0 175 -10 0 0 175 -10 0 0 0 5 8 5 8 50 2

Tuck in knees
3
80 200 -120 100 0 190 -45 120 25 0 155 90 175 95 0 0
75 340 -140 110 0 335 -140 110 0 0 170 98 170 100 -30 .3
75 340 -140 110 0 335 -140 110 0 0 170 98 170 100 -30 .75

Test Stuff
3
95 190 -135 145 0 110 -15 40 0 0 115 70 225 90 -5 0
155 340 -140 110 0 335 -140 110 0 0 170 98 170 100 -40 .7
440 340 -140 110 0 325 -140 110 0 0 170 98 170 100 -40 2

Jump Knee up
90 130 -45 90 0 280 -140 90 0 0 115 95 225 90 -5 0
85 130 -45 90 0 260 -80 90 0 0 115 95 225 90 -5 0.7
80 130 -45 90 0 240 -20 90 0 0 115 95 225 90 -5 .9

Tuck in Knees Right Leg
-1 13 300 
80 130 -45 90 0 250 -45 90 0 0 115 95 225 90 -5 290 0
80 200 -120 100 0 190 -45 120 25 0 155 90 175 95 0 290 .2
80 250 -45 90 0 130 -45 90 0 0 225 90 115 95 -5 290 .5
80 190 -45 120 25 200 -120 100 0 0 175 95 155 90 0 290 .8
80 130 -45 90 0 250 -45 90 0 0 115 95 225 90 -5 290 1
80 200 -120 100 0 190 -45 120 25 0 155 90 175 95 0 290 1.2
75 340 -140 110 0 335 -140 110 0 0 170 98 170 100 -30 340 1.35
75 340 -140 110 0 335 -140 110 0 0 170 98 170 100 -30 400 1.4
75 340 -140 110 0 335 -140 110 0 0 170 98 170 100 -30 400 1.6
75 340 -140 110 0 335 -140 110 0 0 170 98 170 100 -30 340 1.75
80 130 -45 90 0 250 -45 90 0 0 115 95 225 90 -5 290 2
80 200 -120 100 0 190 -45 120 25 0 155 90 175 95 0 290 2.2
80 250 -45 90 0 130 -45 90 0 0 225 90 115 95 -5 290 2.5

Tuck in Knees Left Leg
11
80 250 -45 90 0 130 -45 90 0 0 115 95 225 90 -5 0
80 190 -45 120 25 200 -120 100 0 0 155 90 175 95 0 .2
80 130 -45 90 0 250 -45 90 0 0 225 90 115 95 -5 .5
80 200 -120 100 0 190 -45 120 25 0 175 95 155 90 0 .8
80 250 -45 90 0 130 -45 90 0 0 115 95 225 90 -5 1
80 190 -45 120 25 200 -120 100 0 0 155 90 175 95 0 1.2
75 335 -140 110 0 340 -140 110 0 0 170 98 170 100 -30 1.3
75 335 -140 110 0 340 -140 110 0 0 170 98 170 100 -30 1.75
80 250 -45 90 0 130 -45 90 0 0 115 95 225 90 -5 2
80 190 -45 120 25 200 -120 100 0 0 155 90 175 95 0 2.2
80 130 -45 90 0 250 -45 90 0 0 225 90 115 95 -5 2.5

Moonwalk Draft
5
80 130 -45 90 0 250 -45 90 0 0 115 95 225 90 -5 0
80 200 -120 100 0 190 -45 120 25 0 155 90 175 95 0 .2
80 250 -45 90 0 130 -45 90 0 0 225 90 115 95 -5 .5
80 190 -45 120 25 200 -120 100 0 0 175 95 155 90 0 .8
80 130 -45 90 0 250 -45 90 0 0 115 95 225 90 -5 1

Loop Run
17
80 250 -45 90 0 130 -45 90 0 0 225 90 115 95 -5 0
100 190 -45 120 25 200 -120 100 0 0 175 95 155 90 0 .2
130 130 -45 90 0 250 -45 90 0 0 115 95 225 90 -5 .5
160 200 -120 100 0 190 -45 120 25 0 155 90 175 95 0 .8
180 250 -45 90 0 130 -45 90 0 0 225 90 115 95 -5 1
200 190 -45 120 25 200 -120 100 0 0 175 95 155 90 0 1.2
230 130 -45 90 0 250 -45 90 0 0 115 95 225 90 -5 1.5
260 200 -120 100 0 190 -45 120 25 0 155 90 175 95 0 1.8
280 250 -45 90 0 130 -45 90 0 0 225 90 115 95 -5 2
300 190 -45 120 25 200 -120 100 0 0 175 95 155 90 0 2.2
330 130 -45 90 0 250 -45 90 0 0 115 95 225 90 -5 2.5
360 200 -120 100 0 190 -45 120 25 0 155 90 175 95 0 2.8
380 250 -45 90 0 130 -45 90 0 0 225 90 115 95 -5 3
400 190 -45 120 25 200 -120 100 0 0 175 95 155 90 0 3.2
430 130 -45 90 0 250 -45 90 0 0 115 95 225 90 -5 3.5
460 200 -120 100 0 190 -45 120 25 0 155 90 175 95 0 3.8
480 250 -45 90 0 130 -45 90 0 0 225 90 115 95 -5 4

Neat frames (Possibly use?)
160 170 -120 90 0 150 -45 100 0 0 85 90 225 90 -30 0

Crab Walk Frames
150 250 -155 95 25 245 -110 75 0 0 55 50 60 90 -30 0

Awesome!! Backflip Frame:
155 190 -135 145 0 110 -15 40 0 0 115 70 225 90 -5 0

