13
18
23
26
28
31
34
36
39
41
44
46
49
52
54
57
59
62
64
67
70
72
75
77
80
82
85
88
90
93
95
98
100
103
105
108
110
112
115
117
120
122
125
127
132
134
136
139
141
143
146
148
151
153
156
158
160
163
165
167
170
172
174
177
179
182
184
187
189
191
194
196
199
203
205
207
210
212
214
217
219
221
226
228
230
234
236
241
243
245
248
250
252
257
259
264
266
270
272
274
279
281
283
286
288
290
295
297
300
303
305
307
309
314
316
318
320
322
327
329
331
334
336
341
343
345
347
349
354
356
358
360
362
367
370
372
374
376
378
383
385
387
389
391
396
398
400
403
405
407
409
411
413
415
417
419
434
449
451
453
455
457
459
461
463
465
467
470
472
474
476
478
480
482
484
486
488
490
492
494
501
503
505
507
509
511
522
524
526
528
530
532
534
540
542
544
546
548
550
552
554
556
558
568
570
572
574
576
585
587
589
591
593
595
597
599
601
603
605
607
612
614
616
618
623
625
627
632
634
640
642
644
649
651
653
655
660
662
664
666
668
670
672
677
679
681
683
688
690
692
697
699
701
703
705
710
712
715
717
722
724
729
731
735
740
742
745
747
752
754
757
759
764
766
768
770
772
775
777
782
784
787
789
794
796
799
801
805
808
810
813
818
821
823
826
831
835
837
840
843
845
848
853
856
858
861
866
868
870
872
875
878
880
883
885
888
891
893
896
901
905
908
911
914
919
922
925
928
931
934
937
940
943
946
949
952
955
957
960
963
966
969
972
975
978
981
984
987
990
993
995
998
1001
1005
1008
1011
1015
1018
1021
1024
1028
1031
1034
1037
1040
1044
1047
1050
1053
1057
1060
1063
1066
1069
1072
1076
1079
1082
1085
1089
1092
1095
1098
1102
1105
1109
1112
1116
1120
1124
1127
1131
1135
1140
1144
1148
1152
1155
1159
1163
1167
1169
1172
1176
1180
1184
1187
1191
1195
1199
1202
1204
1209
1213
1218
1222
1236
1241
1245
1249
1254
1258
1263
1267
1272
1277
1281
1286
1290
1294
1299
1336
1369
1403
1503
1670
1703
1770
1837
1937
2171
2205
2213
2226
2245
2250
2258
2263
2271
2274
2282
2295
2308
2310
2323
2325
2338
2340
2353
2355
2368
2370
2383
2385
2398
2400
2408
2417
2426
2428
2437
2444
2453
2462
2471
2480
2489
2498
2505
2672
2706
2839
2873
3040
3073
3441
3474
