66
76
133
146
166
182
202
212
241
274
287
297
301
340
346
360
367
384
390
427
442
457
472
487
498
513
528
552
611
647
681
692
711
751
808
831
835
867
871
873
882
932
979
1001
1044
1076
1082
1101
1115
1168
1211
1234
1276
1329
1352
1365
1392
1407
1415
1422
1437
1452
1467
1487
1534
1595
1615
1625
1637
1668
1710
1744
1756
1834
1847
1868
1884
1899
1918
1990
2012
2018
2064
2072
2077
2106
2121
2129
2132
2165
2175
2195
2202
2232
2238
2262
2293
2307
2323
2328
2343
2359
2383
2387
2402
2411
2417
2461
2470
2477
2527
2542
2558
2589
2602
2618
2647
2672
2677
2701
2723
2726
2737
2785
2797
2837
2855
2882
2915
2950
2964
2980
2988
2999
3027
3068
3082
3093
3105
3110
3155
3195
3205
3220
3263
3271
3305
3330
3343
3359
3371
3378
3399
3413
3425
3430
3456
3492
3500
3508
3515
3542
3551
3567
3627
3664
3678
3686
3701
3740
3746
3774
3793
3806
3838
3851
3865
3891
3913
3924
3984
4006
4043
4050
4084
4103
4132
4136
4157
4224
4265
4280
4321
4340
4364
4399
4418
4428
4458
4518
4556
4578
4598
4630
4673
4705
4714
4726
4735
4759
4777
4779
4785
4790
4805
4815
4845
4855
4859
4875
4883
4905
4926
4934
4951
4957
4964
4994
5023
5052
5060
5082
5101
5104
5112
5134
5144
5171
5201
5211
5232
5261
5274
5290
5295
5299
5313
5320
5350
5379
5388
5409
5418
5439
5456
5469
5471
5481
5492
5498
5505
5528
5557
5587
5594
5617
5625
5633
5647
5653
5665
5676
5695
5707
5713
5736
5755
5765
5795
5802
5817
5825
5854
5884
5897
5904
5914
5922
5928
5944
5949
5974
5988
6003
6033
6062
6072
6092
6123
6130
6133
6140
6147
6151
6182
6189
6203
6211
6240
6270
6300
6321
6330
6359
6373
6377
6389
6419
6449
6457
6479
6488
6509
6522
6538
6568
6597
6627
6641
6657
6663
6666
6686
6716
6746
6752
6775
6805
6819
6824
6835
6839
6843
6864
6872
6894
6926
6949
6953
6962
6983
7001
7013
7025
7036
7043
7072
7102
7109
7117
7124
7132
7139
7161
7177
7191
7198
7220
7239
7251
7258
7264
7280
7294
7300
7310
7339
7350
7353
7361
7369
7398
7429
7440
7443
7450
7453
7459
7473
7489
7518
7532
7547
7577
7607
7636
7667
7677
7696
7726
7755
7762
7785
7815
7844
7874
7904
7933
7952
7964
7970
7985
7993
8022
8052
8082
8089
8112
8129
8141
8171
8201
8230
8238
8260
8289
8319
8349
8367
8379
8409
8439
8441
8445
8468
8497
8527
8557
8587
8616
8646
