51
89
128
142
177
193
204
216
230
255
292
331
345
380
407
432
459
465
476
534
548
599
634
662
679
726
737
751
802
837
856
881
910
981
1056
1084
1155
1192
1217
1258
1294
1348
1388
1417
1472
1489
1522
1591
1623
1665
1700
1739
1782
1834
1887
1918
1929
1992
2005
2039
2082
2102
2147
2158
2175
2223
2259
2284
2309
2361
2375
2425
2463
2487
2513
2553
2563
2581
2628
2665
2678
2690
2716
2767
2784
2831
2868
2882
2943
2988
3071
3096
3148
3191
3203
3223
3252
3299
3364
3394
3406
3427
3465
3476
3567
3579
3597
3630
3635
3641
3679
3686
3692
3804
3928
3935
3940
3944
