202.0
53
93
118
133
173
181
188
203
206
208
213
265
295
344
355
384
406
414
424
434
444
446
454
464
474
484
486
494
504
514
524
527
534
544
547
549
554
564
574
584
594
599
604
607
614
624
634
644
664
667
682
689
732
737
751
765
775
810
845
855
895
899
906
910
917
920
926
943
955
960
970
977
980
995
1010
1013
1015
1018
1025
1035
1040
1045
1048
1055
1065
1068
1071
1076
1086
1088
1095
1105
1108
1125
1128
1131
1135
1146
1166
1168
1171
1175
1185
1188
1195
1208
1215
1226
1228
1236
1246
1248
1256
1265
1268
1276
1280
1286
1288
1291
1306
1311
1313
1333
1336
1346
1348
1356
1366
1368
1376
1386
1391
1396
1401
1406
1416
1421
1426
1436
1446
1449
1456
1465
1471
1486
1489
1497
1506
1509
1516
1529
1536
1549
1556
1566
1569
1589
1597
1611
1621
1631
1642
1652
1657
1666
1669
1679
1684
1692
1697
1704
1709
1719
1722
1727
1762
1767
1787
1817
1832
1847
1867
1877
1892
1897
1907
1913
1927
1932
1937
1957
1967
1987
1990
2017
2022
2030
2037
2050
2057
2067
2070
2090
2098
2110
2118
2124
2130
2138
2150
2158
2170
2178
2188
2190
2192
2198
2208
2218
2228
2230
2238
2248
2258
2266
2270
2278
2298
2301
2308
2318
2338
2348
2354
2358
2378
2389
2398
2408
2411
2418
2428
2431
2460
2463
2468
2476
2506
2511
2514
2529
2551
2564
2613
2619
2638
2643
2651
2659
2669
2689
2691
2699
2709
2719
2724
2739
2749
2760
2764
2769
2772
2776
2779
2785
2796
2809
2812
2814
2817
2821
2847
2862
2864
2870
2872
2877
2926
2929
2935
2950
2992
3000
3010
3020
3030
3032
3038
3052
3060
3070
3080
3090
3099
3102
3110
3112
3117
3127
3135
3141
3176
3180
3213
3220
3230
3240
3250
3260
3270
3280
3290
3293
3300
3310
3320
3333
3353
3360
3370
3381
3393
3401
3411
3413
3421
3431
3451
3461
3471
3481
3488
3491
3498
3501
3511
3531
3533
3541
3551
3561
3571
3581
3591
3593
3597
3601
3611
3613
3616
3621
3641
3646
3651
3653
3661
3674
3681
3691
3693
3701
3711
3721
3731
3741
3754
3764
3776
3779
3802
3808
3822
3870
3880
3885
3895
3922
3942
3951
3962
3967
3971
3982
4002
4007
4022
4032
4042
4047
4052
4062
4076
4082
4087
4107
4110
4125
4137
4140
4142
4178
4185
4232
4244
4252
4263
4272
4275
4283
4293
4295
4303
4313
4315
4323
4335
4343
4353
4363
4373
4383
4393
4395
4403
4413
4415
4423
4433
4437
4443
4448
4453
4455
4463
4473
4483
4488
4493
4503
4507
4511
4513
4518
4526
4528
4533
4546
4548
4551
4561
4578
4588
4591
4596
4600
4608
4613
4639
4646
4651
4678
4683
4711
4720
4726
4764
4769
4776
4781
4799
4818
4844
4854
4864
4874
4876
4884
4894
4916
4934
4944
4954
4964
4974
4977
4984
4997
5004
5014
5017
5024
5034
5044
5057
5064
5074
5077
5084
5089
5094
5097
5114
5117
5137
5144
5162
5165
5168
5175
5177
5185
5195
5197
5219
5225
5235
5237
5255
5257
5265
5285
5289
5295
5305
5315
5317
5325
5350
5358
5360
5363
5368
5375
5390
5398
5420
5430
5440
5458
5460
5463
5497
5518
5538
5578
5590
5598
5605
5618
5626
5636
5646
5653
5656
5658
5666
5673
5696
5701
5708
5731
5748
5751
5786
5797
5806
5816
5826
5830
5841
5846
5866
5886
5899
5919
5924
5931
5936
5946
5959
5966
5979
5986
5994
5996
5999
6004
6009
6027
6087
6127
6137
6139
6147
6157
6159
6177
6179
6187
6197
6199
6207
6217
6219
6227
6237
6247
6257
6267
6277
6287
6300
6307
6317
6337
6340
6350
6357
6362
6370
6372
6375
6385
6407
6420
6422
6428
6437
6448
6460
6462
6467
6478
6500
6508
6520
6528
6538
6540
6548
6558
6560
6568
6580
6588
6600
6608
6618
6620
6628
6638
6646
6648
6658
6663
6668
6678
6688
6708
6746
6748
6789
6798
6808
6821
6838
6841
6848
6861
6863
6869
6881
6889
6899
6901
6909
6918
6921
6929
6939
6941
6949
6959
6961
6969
6979
6981
7006
7012
7022
7024
7029
7061
7069
7079
7089
7099
7101
7109
7119
7121
7129
7139
7142
7149
7157
7159
7169
7179
7182
7189
7204
7209
7219
7222
7229
7242
7259
7262
7269
7279
7282
7289
7302
7314
7330
7342
7351
7385
7387
7390
7402
7404
7410
7420
7422
7442
7450
7460
7462
7470
7480
7482
7490
7500
7502
7510
7520
7530
7540
7542
7550
7560
7575
7580
7590
7600
7610
7620
7623
7630
7640
7643
7650
7660
7663
7675
7678
7680
7685
7688
7695
7705
7708
7720
7723
7743
7763
7770
7781
7783
7791
7801
7811
7821
7823
7831
7843
7851
7855
7861
7863
7871
7881
7891
7901
7903
7911
7921
7923
7931
7941
7943
7951
7961
7963
7971
7981
7984
7991
8001
8006
8014
8021
8031
8041
8044
8051
8061
8064
8071
8081
8084
8091
8101
8104
8111
8116
8121
8131
8136
8141
8144
8151
8164
8184
8201
8204
8222
8224
8232
8244
8251
8261
8272
8282
8292
8298
8311
8322
8332
8342
8352
8362
8364
8372
8377
8384
8392
8402
8404
8412
8422
8424
8432
8442
8445
8457
8462
8472
8482
8485
8492
8497
8502
8512
8517
8522
8527
8532
8535
8540
8550
8555
8560
8567
8570
8577
8585
8587
8590
8595
8597
8605
8607
8610
8625
8627
8643
8653
8655
8683
8705
8713
8725
8743
8745
8747
8760
8768
8775
8780
8785
8793
8797
8800
8803
8810
8813
8823
8833
8838
8850
8860
8870
8873
8878
8883
8886
8888
8898
8921
8923
8928
8931
8938
8948
8953
8985
9003
9018
9026
9033
9046
9053
9066
9084
9086
9088
9106
9114
9126
9134
9140
9146
9156
9161
9176
9196
9200
9216
9231
9253
9284
9286
9301
9304
9309
9319
9324
9326
9354
9374
9386
9394
9409
9419
9424
9439
9442
9444
9447
9457
9475
9490
9496
9500
9504
9560
9594
9617
9621
9681
9695
9716
9721
9725
9730
9741
9751
9761
9777
9781
9786
9795
9836
9876
9882
9895
9922
9982
9989
