-2 10048 0 0 1 false
0.0 0.0
0.0 0.508843537414966
0.0 1.017687074829932
5.4500009127878005E-8 1.526530612244898
60.584704882762345 2.035374149659864
25.509889125823975 2.54421768707483
30.943449401855467 3.053061224489796
27.01973686218262 3.5619047619047617
63.25319142341614 4.070748299319728
63.548332405090335 4.579591836734694
26.105799007415772 5.08843537414966
29.710028743743898 5.597278911564626
28.254028415679933 6.106122448979592
60.93933916091919 6.614965986394558
77.36130199432372 7.123809523809523
68.82374992370606 7.63265306122449
70.23647441864014 8.141496598639456
66.00767917633057 8.650340136054421
74.05272340774536 9.159183673469387
28.975639820098877 9.668027210884354
76.84040603637695 10.17687074829932
126.38756561279297 10.685714285714285
75.25818042755127 11.194557823129252
112.3026517868042 11.703401360544218
111.79260215759277 12.212244897959184
120.48285179138183 12.72108843537415
115.8472110748291 13.229931972789116
114.86331100463867 13.738775510204082
114.74424896240234 14.247619047619047
122.75292015075684 14.756462585034013
110.82889900207519 15.26530612244898
109.61337051391601 15.774149659863946
116.17626838684082 16.282993197278913
118.42455673217773 16.791836734693877
117.52014274597168 17.300680272108842
120.44573631286622 17.80952380952381
126.15169067382813 18.318367346938775
131.09922409057617 18.827210884353743
138.05199813842773 19.336054421768708
130.68688888549804 19.844897959183672
125.27600479125977 20.35374149659864
133.1766159057617 20.862585034013605
81.13983588218689 21.37142857142857
45.15474371910095 21.88027210884354
61.221092987060544 22.389115646258503
52.76657238006592 22.897959183673468
81.73934769630432 23.406802721088436
59.31606683731079 23.9156462585034
54.33038158416748 24.42448979591837
46.532406663894655 24.933333333333334
32.345753359794614 25.4421768707483
83.94531631469727 25.951020408163266
59.13254241943359 26.45986394557823
47.93756132125854 26.968707482993196
62.49129762649536 27.477551020408164
65.78382368087769 27.98639455782313
128.9551574707031 28.495238095238093
111.565873336792 29.00408163265306
118.92801361083984 29.512925170068026
85.48241481781005 30.021768707482995
82.4784475326538 30.53061224489796
114.35915565490723 31.039455782312924
115.92427673339844 31.548299319727892
120.71533432006837 32.05714285714286
121.52362213134765 32.565986394557825
117.7772060394287 33.074829931972786
108.73711910247803 33.583673469387755
119.06138038635254 34.09251700680272
113.16753730773925 34.601360544217684
111.3444429397583 35.11020408163265
113.03757247924804 35.61904761904762
119.96847991943359 36.12789115646258
108.75503768920899 36.63673469387755
106.01636352539063 37.14557823129252
104.29060192108155 37.654421768707486
116.28367080688477 38.16326530612245
118.7603910446167 38.672108843537416
120.6128318786621 39.180952380952384
112.89201965332032 39.689795918367345
96.47677249908448 40.19863945578231
115.98787727355958 40.70748299319728
115.69873447418213 41.21632653061224
108.19766979217529 41.72517006802721
112.24971561431884 42.23401360544218
119.53719902038574 42.74285714285714
115.23285484313965 43.25170068027211
130.13682174682617 43.76054421768708
121.71409282684326 44.26938775510204
102.86695156097412 44.778231292517006
117.2945556640625 45.287074829931974
110.80674095153809 45.795918367346935
107.00345859527587 46.304761904761904
117.4065824508667 46.81360544217687
108.56611938476563 47.32244897959184
115.29870872497558 47.8312925170068
114.54038543701172 48.34013605442177
99.32276411056519 48.84897959183674
99.14977827072144 49.3578231292517
117.44031028747558 49.86666666666667
132.53071479797364 50.375510204081635
142.50373306274415 50.8843537414966
144.4673221588135 51.393197278911565
142.29795150756837 51.90204081632653
135.18855934143068 52.410884353741494
136.39086532592773 52.91972789115646
141.6577320098877 53.42857142857143
144.94907875061034 53.93741496598639
133.8780788421631 54.44625850340136
151.9686363220215 54.95510204081633
139.73681411743163 55.46394557823129
132.86342735290526 55.97278911564626
132.9662063598633 56.481632653061226
140.58185043334962 56.99047619047619
141.86897163391114 57.499319727891155
151.03557472229005 58.00816326530612
117.90111389160157 58.51700680272109
124.17306594848633 59.02585034013605
130.21762161254884 59.53469387755102
133.84932556152344 60.04353741496599
119.22502708435059 60.55238095238095
130.57467613220214 61.06122448979592
106.47821636199951 61.57006802721089
121.47813129425049 62.07891156462585
118.24346580505372 62.587755102040816
116.83735885620118 63.096598639455785
134.9561450958252 63.605442176870746
118.20252552032471 64.11428571428571
127.21976623535156 64.62312925170068
122.20184707641602 65.13197278911565
122.12492370605469 65.64081632653061
122.9700942993164 66.14965986394557
121.64468231201172 66.65850340136055
123.3723976135254 67.16734693877551
128.8572868347168 67.67619047619047
133.59785919189454 68.18503401360545
115.33610343933105 68.6938775510204
131.2737045288086 69.20272108843537
124.18453445434571 69.71156462585034
118.67564659118652 70.2204081632653
120.1026397705078 70.72925170068027
110.1825325012207 71.23809523809524
138.6819929122925 71.7469387755102
136.72767639160156 72.25578231292516
136.96122245788575 72.76462585034014
136.995068359375 73.2734693877551
116.41687889099121 73.78231292517007
147.2247543334961 74.29115646258504
143.89931526184083 74.8
150.47823829650878 75.30884353741497
143.6750171661377 75.81768707482993
144.64286727905272 76.3265306122449
150.9241039276123 76.83537414965987
133.6702365875244 77.34421768707483
90.59937400817871 77.85306122448979
103.0609848022461 78.36190476190477
138.4508457183838 78.87074829931973
142.22213745117188 79.37959183673469
140.53230743408204 79.88843537414967
123.32702293395997 80.39727891156463
127.80891571044921 80.90612244897959
146.37861747741698 81.41496598639456
136.76531295776368 81.92380952380952
119.64498596191406 82.43265306122449
115.50552673339844 82.94149659863946
135.59740180969237 83.45034013605442
128.59102325439454 83.95918367346938
137.4283863067627 84.46802721088436
134.58913192749023 84.97687074829932
134.39751167297362 85.48571428571428
146.27775192260742 85.99455782312926
152.21144828796386 86.50340136054422
135.21417388916015 87.01224489795918
143.2869457244873 87.52108843537415
157.3524570465088 88.02993197278911
161.12989501953126 88.53877551020408
135.44403114318848 89.04761904761905
125.51377601623535 89.55646258503401
130.8308193206787 90.06530612244897
126.37517395019532 90.57414965986395
141.50469894409179 91.08299319727891
126.73809509277343 91.59183673469387
124.23662719726562 92.10068027210885
114.79352531433105 92.60952380952381
119.43491249084472 93.11836734693877
130.8715705871582 93.62721088435374
130.87187423706055 94.1360544217687
88.373699760437 94.64489795918368
73.81522045135497 95.15374149659864
139.69703006744385 95.6625850340136
147.08538856506348 96.17142857142858
134.44331016540528 96.68027210884354
118.65801391601562 97.1891156462585
116.09494094848633 97.69795918367348
126.7627025604248 98.20680272108844
115.75256462097168 98.7156462585034
129.58419914245604 99.22448979591837
134.10086555480956 99.73333333333333
121.58383827209472 100.2421768707483
117.92950134277343 100.75102040816327
115.92868118286133 101.25986394557823
128.13911018371581 101.7687074829932
120.76004219055176 102.27755102040817
133.26661071777343 102.78639455782313
134.36419906616212 103.29523809523809
139.92817153930665 103.80408163265307
143.90524711608887 104.31292517006803
144.7354763031006 104.82176870748299
125.35776786804199 105.33061224489796
118.44012260437012 105.83945578231292
120.9536148071289 106.34829931972789
122.26485061645508 106.85714285714286
121.44631538391113 107.36598639455782
121.74343566894531 107.87482993197278
122.6438419342041 108.38367346938776
113.55832023620606 108.89251700680272
121.20295944213868 109.40136054421768
117.00337982177734 109.91020408163266
120.85301818847657 110.41904761904762
121.16046409606933 110.92789115646258
121.64349632263183 111.43673469387755
123.77383956909179 111.94557823129252
134.12760009765626 112.45442176870748
128.31053009033204 112.96326530612245
131.1163242340088 113.47210884353741
118.48248023986817 113.98095238095237
133.00551109313966 114.48979591836735
75.40434350967408 114.99863945578231
12.793891882896423 115.50748299319729
10.492573237419128 116.01632653061225
9.544873929023742 116.52517006802721
47.43315932750702 117.03401360544218
101.43240509033203 117.54285714285714
101.30033855438232 118.0517006802721
105.38364143371582 118.56054421768708
97.62113246917724 119.06938775510204
97.03872585296631 119.578231292517
99.77107429504395 120.08707482993198
102.99054641723633 120.59591836734694
100.12658500671387 121.1047619047619
94.17364311218262 121.61360544217688
99.20002193450928 122.12244897959184
97.55328826904297 122.6312925170068
105.72060203552246 123.14013605442177
116.50179939270019 123.64897959183673
119.80043525695801 124.1578231292517
84.17721843719482 124.66666666666667
88.20561504364014 125.17551020408163
95.32900371551514 125.6843537414966
51.62722396850586 126.19319727891157
86.44021310806275 126.70204081632653
124.0833351135254 127.21088435374149
108.23331069946289 127.71972789115647
120.26640129089355 128.22857142857143
119.53102912902833 128.7374149659864
121.3863296508789 129.24625850340135
125.51377220153809 129.75510204081633
118.23379707336426 130.2639455782313
95.20955352783203 130.77278911564625
112.90830879211425 131.28163265306122
109.68462219238282 131.7904761904762
110.91120147705078 132.29931972789115
111.1895565032959 132.80816326530612
114.4024263381958 133.3170068027211
109.49196243286133 133.82585034013604
112.01772956848144 134.33469387755102
117.13542175292969 134.843537414966
120.28702125549316 135.35238095238094
133.78840446472168 135.86122448979592
138.0171070098877 136.3700680272109
132.7523452758789 136.87891156462584
143.28620223999025 137.3877551020408
151.90864028930665 137.8965986394558
147.49087104797363 138.40544217687074
139.44646835327148 138.9142857142857
150.4720432281494 139.4231292517007
133.99521255493164 139.93197278911563
138.28652839660646 140.4408163265306
133.92843360900878 140.94965986394558
145.87402458190917 141.45850340136053
149.67998161315919 141.9673469387755
132.44539680480958 142.47619047619048
140.72300453186034 142.98503401360543
135.9525936126709 143.4938775510204
143.25790252685547 144.00272108843538
142.0973217010498 144.51156462585033
106.33483581542968 145.0204081632653
124.7659896850586 145.52925170068028
132.41497039794922 146.03809523809525
130.5696990966797 146.5469387755102
122.78479976654053 147.05578231292517
126.92280006408691 147.56462585034015
116.5610860824585 148.0734693877551
134.82797927856444 148.58231292517007
135.1726001739502 149.09115646258505
127.33090438842774 149.6
139.91726608276366 150.10884353741497
119.45448837280273 150.61768707482995
130.5478141784668 151.1265306122449
130.177388381958 151.63537414965987
126.61664695739746 152.14421768707484
125.45840454101562 152.6530612244898
123.00426788330078 153.16190476190476
125.28029327392578 153.67074829931974
129.7851505279541 154.1795918367347
145.48592529296874 154.68843537414966
127.69324951171875 155.19727891156464
128.20005073547364 155.70612244897958
123.5134349822998 156.21496598639456
131.1732147216797 156.72380952380954
117.03512344360351 157.23265306122448
114.08180923461914 157.74149659863946
125.43343849182129 158.25034013605443
129.0879451751709 158.75918367346938
141.2650276184082 159.26802721088436
128.31870231628417 159.77687074829933
132.27152824401855 160.28571428571428
148.92686958312987 160.79455782312925
140.72940673828126 161.30340136054423
155.3863380432129 161.81224489795918
139.5155002593994 162.32108843537415
155.65198936462403 162.82993197278913
157.3028923034668 163.33877551020407
160.10710525512695 163.84761904761905
99.42659969329834 164.35646258503402
117.8194465637207 164.86530612244897
147.78676223754883 165.37414965986395
145.0477123260498 165.88299319727892
133.75359230041505 166.39183673469387
125.08456840515137 166.90068027210884
129.49685363769532 167.40952380952382
147.81295852661134 167.91836734693877
140.71872749328614 168.42721088435374
108.93227195739746 168.93605442176872
121.59791488647461 169.44489795918366
128.36112022399902 169.95374149659864
131.84030418395997 170.4625850340136
138.81072921752929 170.97142857142856
137.04248809814453 171.48027210884354
135.46977767944335 171.9891156462585
152.31739768981933 172.49795918367346
157.11968154907225 173.00680272108843
132.3084789276123 173.5156462585034
142.81455841064454 174.02448979591836
148.5988998413086 174.53333333333333
156.68000564575195 175.0421768707483
134.0473777770996 175.55102040816325
127.24766235351562 176.05986394557823
138.42562866210938 176.5687074829932
126.8026023864746 177.07755102040815
134.38471145629882 177.58639455782313
120.55253715515137 178.0952380952381
121.9686782836914 178.60408163265305
119.62539863586426 179.11292517006802
139.15318870544434 179.621768707483
138.139164352417 180.13061224489795
124.66393203735352 180.63945578231292
74.38683924674987 181.1482993197279
83.26676473617553 181.65714285714284
147.45033836364746 182.16598639455782
140.82235527038574 182.6748299319728
126.88910713195801 183.18367346938774
118.5546043395996 183.69251700680272
124.26423797607421 184.2013605442177
121.1550449371338 184.71020408163264
121.62715110778808 185.21904761904761
120.04666709899902 185.7278911564626
129.85454406738282 186.23673469387754
118.15180206298828 186.7455782312925
118.57584075927734 187.2544217687075
115.8526481628418 187.76326530612246
113.73768005371093 188.2721088435374
117.54054946899414 188.78095238095239
117.81735954284667 189.28979591836736
119.27452087402344 189.7986394557823
130.7396083831787 190.30748299319728
131.36975479125977 190.81632653061226
131.08813934326173 191.3251700680272
120.78104782104492 191.83401360544218
120.85903244018554 192.34285714285716
120.64512748718262 192.8517006802721
112.31487808227538 193.36054421768708
122.33803024291993 193.86938775510205
118.62210617065429 194.378231292517
120.23168716430663 194.88707482993198
119.72392425537109 195.39591836734695
122.03368682861328 195.9047619047619
122.05590057373047 196.41360544217687
120.44061317443848 196.92244897959185
116.70920295715332 197.4312925170068
115.6516960144043 197.94013605442177
118.54751434326172 198.44897959183675
133.36176414489745 198.9578231292517
132.78054008483886 199.46666666666667
130.90593490600585 199.97551020408164
117.03849716186524 200.4843537414966
129.70887870788573 200.99319727891157
41.821933484077455 201.50204081632654
36.21671714782715 202.0108843537415
114.11689684391021 202.51972789115646
114.37834815979004 203.02857142857144
112.03218841552734 203.5374149659864
112.81434936523438 204.04625850340136
112.1310546875 204.55510204081634
112.11416893005371 205.06394557823128
110.71786003112793 205.57278911564626
112.26397171020508 206.08163265306123
115.2053123474121 206.59047619047618
110.53893165588379 207.09931972789116
110.85243759155273 207.60816326530613
108.77421875 208.11700680272108
106.03113632202148 208.62585034013605
102.84285697937011 209.13469387755103
116.09882850646973 209.64353741496598
138.21612319946288 210.15238095238095
140.88834190368652 210.66122448979593
116.26273727416992 211.17006802721087
121.12785263061524 211.67891156462585
115.96252670288087 212.18775510204082
114.510502243042 212.69659863945577
108.82507400512695 213.20544217687075
112.78618927001953 213.71428571428572
122.45746002197265 214.22312925170067
121.30732879638671 214.73197278911564
112.17355422973633 215.24081632653062
127.56714363098145 215.74965986394557
119.72812576293946 216.25850340136054
114.16512718200684 216.76734693877552
117.6497241973877 217.27619047619046
108.63987274169922 217.78503401360544
109.77582244873047 218.29387755102042
118.94504089355469 218.80272108843536
141.43149337768554 219.31156462585034
152.4822265625 219.8204081632653
152.50542678833008 220.32925170068026
140.49892654418946 220.83809523809524
135.94452819824218 221.3469387755102
135.40655441284179 221.85578231292516
135.68442726135254 222.36462585034013
122.45869026184081 222.8734693877551
126.96647567749024 223.38231292517005
120.8852310180664 223.89115646258503
108.68897705078125 224.4
111.9791431427002 224.90884353741495
103.0706886291504 225.41768707482993
90.94946823120117 225.9265306122449
114.44437065124512 226.43537414965985
122.5412654876709 226.94421768707483
124.16271858215332 227.4530612244898
114.13713264465332 227.96190476190475
117.56553001403809 228.47074829931972
104.56652526855468 228.9795918367347
103.5814250946045 229.48843537414967
99.68761329650879 229.99727891156462
136.9515510559082 230.5061224489796
140.6718963623047 231.01496598639457
124.0532154083252 231.52380952380952
114.49135932922363 232.0326530612245
110.40337829589843 232.54149659863947
113.02901458740234 233.05034013605442
115.5711166381836 233.5591836734694
118.46588897705078 234.06802721088437
119.0927577972412 234.5768707482993
112.44564552307129 235.0857142857143
128.41634826660157 235.59455782312926
106.1465217590332 236.1034013605442
104.55235023498535 236.6122448979592
107.49142036437988 237.12108843537416
108.17223472595215 237.6299319727891
110.3096851348877 238.13877551020408
110.8624439239502 238.64761904761906
110.27557334899902 239.156462585034
113.24384765625 239.66530612244898
116.44093284606933 240.17414965986396
112.90579071044922 240.6829931972789
105.30826187133789 241.19183673469388
108.26651649475097 241.70068027210885
110.57178802490235 242.2095238095238
102.70487098693847 242.71836734693878
114.00531616210938 243.22721088435375
117.42297172546387 243.7360544217687
120.29971694946289 244.24489795918367
120.88665885925293 244.75374149659865
100.08514156341553 245.2625850340136
115.01982650756835 245.77142857142857
117.99973068237304 246.28027210884355
126.07083625793457 246.7891156462585
126.37978782653809 247.29795918367347
120.11338729858399 247.80680272108845
116.45924835205078 248.3156462585034
118.91627655029296 248.82448979591837
116.67311515808106 249.33333333333334
119.53632469177246 249.8421768707483
119.57874031066895 250.35102040816327
125.71045722961426 250.85986394557824
124.26283149719238 251.3687074829932
121.541019821167 251.87755102040816
118.04840812683105 252.38639455782314
115.2637924194336 252.89523809523808
117.09068031311035 253.40408163265306
114.11989059448243 253.91292517006804
117.33514213562012 254.42176870748298
115.74093246459961 254.93061224489796
127.41742820739746 255.43945578231293
123.67557945251465 255.94829931972788
121.71933002471924 256.45714285714286
125.60763683319092 256.96598639455783
128.77217025756835 257.4748299319728
127.9159999847412 257.9836734693878
126.158203125 258.4925170068027
131.3544937133789 259.0013605442177
143.522025680542 259.51020408163265
133.84399337768554 260.0190476190476
110.057572555542 260.5278911564626
115.06783676147461 261.0367346938776
122.44035377502442 261.5455782312925
121.55678787231446 262.05442176870747
124.41662254333497 262.56326530612245
123.07517166137696 263.0721088435374
131.70493354797364 263.5809523809524
131.56048202514648 264.0897959183674
130.36981620788575 264.5986394557823
123.25833396911621 265.10748299319727
123.65548400878906 265.61632653061224
125.69470825195313 266.1251700680272
115.23168296813965 266.6340136054422
135.7364601135254 267.14285714285717
144.73434181213378 267.6517006802721
128.80238647460936 268.16054421768706
82.30065612792968 268.66938775510204
99.34967384338378 269.178231292517
139.59523963928223 269.687074829932
137.59039306640625 270.19591836734696
135.3232822418213 270.7047619047619
126.52488403320312 271.21360544217686
130.99000053405763 271.72244897959183
145.14096641540527 272.2312925170068
139.90937690734864 272.7401360544218
118.2271598815918 273.24897959183676
119.67953376770019 273.7578231292517
137.42552795410157 274.26666666666665
131.44364013671876 274.7755102040816
134.34116744995117 275.2843537414966
137.08831939697265 275.7931972789116
136.0242774963379 276.30204081632655
162.4500774383545 276.81088435374147
170.78175430297853 277.31972789115645
141.8991928100586 277.8285714285714
145.55401382446288 278.3374149659864
151.59211463928222 278.8462585034014
155.74296035766602 279.35510204081635
147.29493141174316 279.86394557823127
134.52371063232422 280.37278911564624
134.3783130645752 280.8816326530612
137.4259738922119 281.3904761904762
149.01933403015136 281.89931972789117
139.41050758361817 282.40816326530614
147.9360710144043 282.91700680272106
139.33274726867677 283.42585034013604
138.308931350708 283.934693877551
136.86884994506835 284.443537414966
134.88596954345704 284.95238095238096
87.06609525680543 285.46122448979594
79.247998046875 285.97006802721086
144.09307079315187 286.47891156462583
133.91314353942872 286.9877551020408
138.87725906372071 287.4965986394558
151.0628589630127 288.00544217687076
135.85090103149415 288.51428571428573
132.48561630249023 289.02312925170065
110.84750194549561 289.5319727891156
116.89119606018066 290.0408163265306
119.17264747619629 290.5496598639456
125.96645545959473 291.05850340136055
132.13950729370117 291.56734693877553
123.25460062026977 292.0761904761905
114.26789512634278 292.5850340136054
133.5147262573242 293.0938775510204
128.92984504699706 293.6027210884354
118.3759780883789 294.11156462585035
135.30305442810058 294.6204081632653
123.56367721557618 295.1292517006803
126.13188972473145 295.6380952380952
126.68458290100098 296.1469387755102
132.2942974090576 296.65578231292517
133.07450790405272 297.16462585034014
72.32157669067382 297.6734693877551
95.11967639923095 298.1823129251701
139.20771484375 298.691156462585
144.62419548034669 299.2
137.43524017333985 299.70884353741496
38.607562857866284 300.21768707482994
0.0 300.7265306122449
