30
51
66
73
79
88
102
117
124
126
135
142
149
155
162
171
178
184
191
198
207
213
220
227
234
242
248
256
264
284
306
322
327
335
356
360
364
375
379
394
398
403
407
413
418
422
427
433
437
441
446
452
461
465
492
498
506
564
571
585
592
599
608
614
621
628
634
641
650
657
663
670
679
686
693
729
735
743
758
763
771
787
791
806
823
827
838
842
847
853
866
870
894
900
909
915
920
930
955
985
1020
1044
1051
1058
1070
1087
1093
1101
1110
1136
1157
1185
1215
1220
1251
1258
1273
1276
1282
1299
1310
1330
1340
1350
1369
1388
1444
1452
1471
1486
1494
1503
1528
1537
1553
1570
1617
1620
1623
1675
1681
1709
1732
1787
1805
1815
1827
1845
1847
1897
1901
1905
1910
1938
1953
1958
1964
1975
2018
2027
2030
2037
2041
2069
2074
2090
2101
2105
2112
2118
2125
2131
2145
2148
2159
2162
2176
2188
2191
2196
2205
2208
2219
2225
2231
2233
2238
2256
2264
2266
2270
2305
2326
2360
2387
2422
2438
2476
2486
2532
2559
2589
2647
2654
2660
2705
2716
2719
2744
2762
2818
2825
2869
2876
2903
2932
2944
2991
3017
3050
3052
3074
3089
3105
3110
3134
3162
3173
3183
3186
3202
3219
3226
3246
3277
3303
3312
3326
3333
3341
3390
3401
3439
3448
3506
3533
3542
3557
3562
3590
3620
3630
3641
3645
3648
3660
3678
3685
3704
3733
3737
3762
3777
3781
3791
3795
3819
3829
3849
3853
3860
3864
3907
3911
3925
3936
3951
3964
3969
3979
3996
4006
4022
4026
4049
4079
4089
4099
4102
4105
4157
4171
4194
4205
4214
4230
4266
4272
4279
4286
4293
4301
4308
4315
4322
4329
4351
4358
4365
4372
4379
4386
4408
4431
4439
4451
4457
4479
4488
4503
4518
4527
4536
4541
4546
4550
4556
4565
4580
4585
4594
4621
4629
4646
4651
4659
4697
4709
4712
4716
4722
4735
4750
4758
4766
4780
4816
4823
4857
4866
4880
4884
4938
4947
4957
4964
4977
4986
4995
5005
5016
5020
5034
5037
5040
5053
5079
5110
5116
5131
5136
5146
5159
5168
5191
5224
5236
5282
5290
5318
5340
5365
5374
5389
5395
5442
5455
5464
5473
5477
5491
5493
5510
5513
5537
5568
5570
5576
5603
5626
5685
5691
5696
5733
5759
5770
5779
5787
5817
5845
5926
5963
5984
5989
6018
6046
6065
6092
6111
6158
6200
6254
6308
6313
6339
6370
6376
6379
6429
6454
6485
6511
6542
6599
6608
6619
6623
6639
6657
6665
6683
6713
6740
6763
6770
6788
6790
6829
6838
6884
6912
6930
6941
6969
6983
7000
7058
7066
7077
7081
7096
7117
7133
7147
7156
7164
7170
7198
7206
7217
7227
7285
7288
7296
7327
7342
7370
7375
7400
7427
7437
7457
7514
7525
7536
7539
7553
7572
7579
7599
7628
7632
7656
7668
7672
7686
7690
7725
7743
7747
7755
7802
7806
7817
7829
7845
7859
7863
7872
7891
7903
7916
7921
7972
7984
7994
7996
8059
8076
8083
8100
8108
8114
8128
8158
8163
8169
8175
8218
8233
8271
8295
8301
8313
8325
8334
8350
8363
8371
8378
8383
8395
8397
8402
8410
8416
8422
8432
8445
8452
8461
8474
8671
8688
8701
8709
8719
8746
8758
8764
8780
8792
8804
8812
8817
8824
8831
8839
8843
8853
8874
8888
8897
8901
8912
8914
8918
8931
8949
8953
8966
8972
8989
9007
9012
9024
9028
9032
9042
9058
9063
9079
9093
9106
9112
9116
9134
9141
9151
9160
9176
9194
9201
9210
9224
9237
9243
9245
9262
9269
9291
9302
9312
9320
9324
9337
9358
9372
9382
9395
9413
9416
9418
9428
9435
9438
9454
9469
9488
9505
9510
9523
9532
9546
9555
9569
9581
9596
9606
9611
9625
9639
9659
9673
9681
9691
9708
9717
9725
9731
9737
9742
9755
9766
9770
9783
9801
9810
9824
9835
9849
9859
9874
9893
9908
9916
9927
9933
9943
9953
