263
314
364
394
417
430
434
443
457
470
474
479
485
496
500
508
514
522
532
564
589
594
620
633
681
691
697
712
724
735
747
755
770
830
867
887
918
952
1021
1059
1070
1117
1137
1161
1194
1254
1301
1322
1351
1358
1377
1398
1409
1432
1439
1494
1509
1551
1571
1608
1635
1657
1706
1716
1753
1769
1782
1798
1819
1838
1850
1863
1878
1919
1925
2005
2023
2051
2068
2102
2114
2130
2140
2148
2163
2168
2176
2196
2248
2266
2271
2308
2315
2328
2336
2394
2418
2455
2527
2566
2580
2607
2620
2644
2691
2701
2703
2709
2746
2765
2777
2785
2791
2796
2821
2844
2850
2860
2866
2874
2878
2924
2938
2953
2968
2985
3012
3018
3030
3061
3073
3087
3104
3119
3147
3161
3176
3190
3206
3235
3265
3298
3360
3409
3453
3460
3482
3510
3541
3555
3571
3585
3597
3658
3671
3688
3700
3705
3762
3808
3825
3836
3866
3896
3931
3935
3985
4015
4020
4025
4044
4051
4068
4071
4077
4104
4110
4135
4156
4166
4225
4267
4280
4284
4300
4310
4329
4392
4396
4408
4437
4484
4516
4536
4540
4551
4556
4640
4699
4735
4779
4797
4817
4843
4861
4919
4959
4974
5009
5060
5065
5089
5098
5102
5106
5113
5126
5164
5195
5216
5249
5282
5370
5375
5392
5409
5427
5431
5458
5466
5512
5522
5528
5568
5596
5612
5617
5647
5697
5733
5741
5751
5769
5779
5816
5832
5864
5869
5886
5897
5905
5911
5916
5924
5937
5958
5984
5994
6028
6078
6083
6088
6099
6114
6129
6132
6164
6183
6190
6224
6229
6238
6243
6246
6249
6253
6269
6285
6290
6301
6317
6323
6346
6369
6412
6439
6457
6472
6481
6486
6496
6502
6534
6541
6550
6556
6565
6597
6647
6680
6689
6723
6728
6743
6765
6780
6788
6813
6819
6831
6849
6880
6893
6896
6909
6923
6929
6940
6990
7003
7052
7069
7074
7127
7180
7220
7235
7258
7268
7282
7298
7313
7344
7351
7362
7377
7407
7416
7431
7439
7450
7454
7481
7486
7494
7501
7509
7517
7540
7548
7556
7564
7582
7596
7612
7623
7627
7631
7635
7643
7660
7671
7674
7682
7691
7699
7706
7717
7723
7736
7752
7767
7824
7852
7859
7892
7908
7921
7952
7968
7986
8013
8030
8046
8075
8091
8107
8122
8125
8138
8145
8154
8171
8185
8204
8218
8250
8269
8284
8316
8366
8379
8398
8421
8441
8446
8448
8456
8489
8492
8506
8578
8612
8650
8656
8665
8671
8685
8710
8751
8799
8813
8829
8875
8880
8882
8892
8930
8944
8974
8997
9004
9006
9028
9106
9140
9181
9213
9226
9243
9258
9271
9278
9288
9297
9305
9368
9382
9431
9494
9505
9511
9540
9562
9623
9633
9648
9686
9760
9815
9868
9882
9934
9958
9968
10002
10040
10048
10083
10087
10097
10103
10190
10230
10256
10280
10287
10295
10314
10338
10442
10461
10473
10479
10487
10498
10502
10513
10548
10556
10564
10568
10576
10595
10609
10691
10730
10743
10751
10791
10822
10852
10858
10868
10876
10881
10928
10941
10959
10963
10995
11000
11008
11033
11048
11068
11080
11092
11099
11108
11129
11137
11153
11168
11182
11189
11197
11217
11227
11247
11259
11275
11294
11318
11372
11399
11415
11465
11470
11485
11502
11515
11529
11543
11560
11594
11604
11607
11614
11621
11650
11674
11693
11718
11724
11764
11767
11781
11844
11853
11875
11882
11890
11896
11905
11923
11936
11944
11950
11958
11961
11965
11972
11980
11994
12002
12016
12024
12041
12043
12056
12064
12073
12095
12117
12125
12133
12140
12148
12163
12181
12249
12251
12260
12291
12314
12328
12374
12380
12384
12399
12420
12447
12483
12493
12500
12538
12557
12571
12582
12587
12602
12639
12664
12680
12683
12700
12717
12732
12797
12810
12826
12846
12854
12858
12864
12870
12932
12968
12983
12990
13000
13061
13069
13116
13139
13180
13258
13278
13302
13373
13403
13447
13480
13521
13541
13549
13577
13585
13616
13652
13687
13750
13834
13859
13893
13943
13967
13976
13999
14005
14015
14061
14092
14170
14209
14232
14264
14312
14346
14436
14497
14519
14560
14602
14607
14642
14656
14664
14674
14685
14690
14702
14735
14770
14785
14811
14820
14859
14866
14888
14890
14893
14906
14936
14952
14982
14985
14995
15000
15005
15013
15053
15100
15111
15122
15153
15158
15169
15179
15199
15221
15237
15241
15256
15268
15284
15295
15342
15349
15406
15421
15427
15439
15446
15467
15474
15530
15544
15591
15651
15659
15672
15680
15693
15730
15749
15778
15786
15796
15833
15849
15859
15922
15953
15999
16007
16033
16038
16041
16049
16066
16079
16084
16144
16158
16195
16214
16230
16235
16238
16256
16260
16285
16372
16474
16495
16507
16581
16607
16635
16640
16645
16652
16661
16669
16684
16695
16715
16725
16746
16752
16755
16766
16772
16775
16781
16786
16790
16838
16845
16860
16885
16900
16907
16916
16950
16985
16989
16998
17011
17014
17017
17051
17063
17068
17076
17099
17123
17149
17225
17229
17267
17272
17350
17382
17402
17411
17444
17451
17526
17614
17622
17647
17671
17680
17686
17691
17704
17735
17738
17746
17758
17766
17772
17777
17810
17937
17960
17981
17986
17989
17995
18010
18016
18068
18077
18131
18140
18149
18161
18168
18196
18229
18237
18248
18264
18293
18303
18306
18322
18327
18350
18360
18367
18371
18378
18390
18396
18403
18477
18487
18494
18505
18523
18532
18542
18553
18561
18582
18591
18711
18749
18765
18783
18828
18841
18869
18906
18940
18960
18999
19031
19088
19100
19112
19121
19131
19160
19165
19169
19179
19187
19192
19198
19206
19214
19223
19231
19239
19243
19256
19264
19273
19280
19288
19296
19323
19349
19356
19359
19368
19401
19414
19421
19424
19427
19436
19439
19448
19456
19467
19481
19518
19548
19561
19565
19567
19577
19581
19625
19687
19732
