-2 7328 0 0 1 false
0.0 0.0
0.18720216252768296 0.508843537414966
0.7882226169109344 1.017687074829932
0.5227033793926239 1.526530612244898
10.239850923418999 2.035374149659864
26.786129450798036 2.54421768707483
30.998867321014405 3.053061224489796
36.86478590965271 3.5619047619047617
16.92774679660797 4.070748299319728
20.220630836486816 4.579591836734694
22.010645389556885 5.08843537414966
38.76397933959961 5.597278911564626
23.26299982070923 6.106122448979592
41.3794086933136 6.614965986394558
27.90102598667145 7.123809523809523
13.652128672599792 7.63265306122449
13.936042833328248 8.141496598639456
22.212404012680054 8.650340136054421
18.075895690917967 9.159183673469387
33.57176532745361 9.668027210884354
18.46203932762146 10.17687074829932
28.666676568984986 10.685714285714285
25.73859045505524 11.194557823129252
10.66621412038803 11.703401360544218
15.07750732898712 12.212244897959184
14.295842456817628 12.72108843537415
16.150819659233093 13.229931972789116
20.02303555011749 13.738775510204082
27.70136742591858 14.247619047619047
24.13656630516052 14.756462585034013
11.163808059692382 15.26530612244898
23.023531424999238 15.774149659863946
35.13294630050659 16.282993197278913
30.49226632118225 16.791836734693877
32.0488881111145 17.300680272108842
23.299569606781006 17.80952380952381
36.4991060256958 18.318367346938775
17.444654178619384 18.827210884353743
14.210246109962464 19.336054421768708
18.199133682250977 19.844897959183672
17.776072120666505 20.35374149659864
23.86701605319977 20.862585034013605
18.17251329421997 21.37142857142857
39.00241074562073 21.88027210884354
28.271214747428893 22.389115646258503
16.84618422985077 22.897959183673468
18.040284991264343 23.406802721088436
18.623808765411376 23.9156462585034
26.02412917613983 24.42448979591837
20.472337579727174 24.933333333333334
17.509451818466186 25.4421768707483
26.139803957939147 25.951020408163266
20.770344495773315 26.45986394557823
34.59640161991119 26.968707482993196
25.716649293899536 27.477551020408164
23.45382950305939 27.98639455782313
11.923650813102721 28.495238095238093
21.408698177337648 29.00408163265306
23.21670255661011 29.512925170068026
31.444491076469422 30.021768707482995
19.722985601425172 30.53061224489796
23.401746797561646 31.039455782312924
10.14099292755127 31.548299319727892
8.662115550041198 32.05714285714286
8.841892445087433 32.565986394557825
7.648997163772583 33.074829931972786
6.369210147857666 33.583673469387755
12.906581282615662 34.09251700680272
46.02957849502563 34.601360544217684
45.80151064395905 35.11020408163265
48.64021692276001 35.61904761904762
64.50191210508346 36.12789115646258
67.32236804962159 36.63673469387755
63.6554913520813 37.14557823129252
56.34645147323609 37.654421768707486
46.804391741752625 38.16326530612245
42.012037706375125 38.672108843537416
43.01061387062073 39.180952380952384
44.47891863584518 39.689795918367345
43.555949330329895 40.19863945578231
44.24119255542755 40.70748299319728
43.453676795959474 41.21632653061224
54.6245834350586 41.72517006802721
63.70567965507507 42.23401360544218
62.158130168914795 42.74285714285714
56.823064064979555 43.25170068027211
50.11552551984787 43.76054421768708
42.525606632232666 44.26938775510204
41.772359132766724 44.778231292517006
47.887633228302 45.287074829931974
52.252870321273804 45.795918367346935
47.07044868469238 46.304761904761904
43.12769079208374 46.81360544217687
48.14516479969025 47.32244897959184
58.08144311904907 47.8312925170068
34.21792244911194 48.34013605442177
22.727885499596596 48.84897959183674
62.52036743164062 49.3578231292517
72.03512134552003 49.86666666666667
65.80765304565429 50.375510204081635
57.512562084197995 50.8843537414966
62.46900415420532 51.393197278911565
62.004334688186646 51.90204081632653
56.71852941513062 52.410884353741494
59.72524847984314 52.91972789115646
61.091089487075806 53.42857142857143
65.59313807487487 53.93741496598639
70.85637173652648 54.44625850340136
74.58768978118897 54.95510204081633
65.79896640777588 55.46394557823129
58.96342220306396 55.97278911564626
61.553103351593016 56.481632653061226
58.51563210487366 56.99047619047619
54.22475318908691 57.499319727891155
54.270402145385745 58.00816326530612
55.034900999069215 58.51700680272109
49.060787725448606 59.02585034013605
58.453533220291135 59.53469387755102
65.39030966758727 60.04353741496599
79.99273533821106 60.55238095238095
83.6364966392517 61.06122448979592
70.42073316574097 61.57006802721089
57.96956214904785 62.07891156462585
64.89578189849854 62.587755102040816
46.36677656173706 63.096598639455785
38.35686731338501 63.605442176870746
44.54908452033997 64.11428571428571
57.31470665931702 64.62312925170068
62.0227725982666 65.13197278911565
83.83685674667359 65.64081632653061
86.52602462768554 66.14965986394557
74.51105489730836 66.65850340136055
78.42686586380005 67.16734693877551
67.21340217590333 67.67619047619047
61.12101039886475 68.18503401360545
76.87989835739135 68.6938775510204
59.05960717201233 69.20272108843537
55.688531494140626 69.71156462585034
46.353913974761966 70.2204081632653
49.09029583930969 70.72925170068027
56.03015551567078 71.23809523809524
68.93418006896972 71.7469387755102
86.17293071746826 72.25578231292516
76.26759366989135 72.76462585034014
75.17496004104615 73.2734693877551
56.961131763458255 73.78231292517007
48.882583427429196 74.29115646258504
49.37291555404663 74.8
59.18989791870117 75.30884353741497
66.66482944488526 75.81768707482993
64.07529916763306 76.3265306122449
58.625488948822024 76.83537414965987
64.05160932540893 77.34421768707483
58.24040174484253 77.85306122448979
43.78008952140808 78.36190476190477
24.82554998397827 78.87074829931973
39.81159542798996 79.37959183673469
33.567981374263766 79.88843537414967
33.47211539745331 80.39727891156463
35.402279317379 80.90612244897959
35.34176250696182 81.41496598639456
35.292206490039824 81.92380952380952
35.67947002649307 82.43265306122449
21.20433340072632 82.94149659863946
70.90849380493164 83.45034013605442
77.28960270881653 83.95918367346938
72.87013425827027 84.46802721088436
69.73437814712524 84.97687074829932
63.493144512176514 85.48571428571428
56.12841958999634 85.99455782312926
47.17758574485779 86.50340136054422
48.935069465637206 87.01224489795918
52.603870677947995 87.52108843537415
51.52068576812744 88.02993197278911
47.4532753944397 88.53877551020408
56.253662252426146 89.04761904761905
56.06097364425659 89.55646258503401
64.4047791004181 90.06530612244897
62.35160670280457 90.57414965986395
68.50627117156982 91.08299319727891
55.66357581615448 91.59183673469387
48.680664730072024 92.10068027210885
48.590095138549806 92.60952380952381
62.90408596992493 93.11836734693877
59.49805216789245 93.62721088435374
44.62828068733215 94.1360544217687
63.7999771118164 94.64489795918368
59.11930074691772 95.15374149659864
26.938967990875245 95.6625850340136
50.066652059555054 96.17142857142858
68.18331789970398 96.68027210884354
59.125807476043704 97.1891156462585
50.028214359283446 97.69795918367348
61.56932892799377 98.20680272108844
59.503086757659915 98.7156462585034
47.3860609292984 99.22448979591837
46.626625537872314 99.73333333333333
57.95664129257202 100.2421768707483
45.01705603599548 100.75102040816327
69.30333051681518 101.25986394557823
69.89927415847778 101.7687074829932
70.76949825286866 102.27755102040817
72.99664235115051 102.78639455782313
57.67391066551208 103.29523809523809
51.64763610363006 103.80408163265307
56.03380765914917 104.31292517006803
65.31340017318726 104.82176870748299
50.8378809928894 105.33061224489796
48.305173015594484 105.83945578231292
56.77115640640259 106.34829931972789
53.74209778308868 106.85714285714286
56.533272004127504 107.36598639455782
69.95943322181702 107.87482993197278
65.6370352268219 108.38367346938776
59.178719234466556 108.89251700680272
53.699561786651614 109.40136054421768
61.85483245849609 109.91020408163266
49.87851893901825 110.41904761904762
45.180412244796756 110.92789115646258
20.259128642082214 111.43673469387755
14.015954637527466 111.94557823129252
12.019565272331239 112.45442176870748
27.306245040893554 112.96326530612245
80.45053353309632 113.47210884353741
75.75144839286804 113.98095238095237
73.57893176078797 114.48979591836735
74.20424327850341 114.99863945578231
64.46666889190674 115.50748299319729
69.97384157180787 116.01632653061225
69.3685173034668 116.52517006802721
58.52554044723511 117.03401360544218
52.34805579185486 117.54285714285714
52.91113195419312 118.0517006802721
52.41188116073609 118.56054421768708
57.830556297302245 119.06938775510204
73.94277110099793 119.578231292517
84.88694763183594 120.08707482993198
83.61265449523925 120.59591836734694
66.24556646347045 121.1047619047619
62.33510537147522 121.61360544217688
56.02820563316345 122.12244897959184
57.747864437103274 122.6312925170068
51.05776381492615 123.14013605442177
52.27528162002564 123.64897959183673
55.90860023498535 124.1578231292517
61.572491598129275 124.66666666666667
66.01764917373657 125.17551020408163
71.11592597961426 125.6843537414966
81.5224365234375 126.19319727891157
63.77599992752075 126.70204081632653
44.36487538814545 127.21088435374149
55.43034918308258 127.71972789115647
64.05956239700318 128.22857142857143
58.683151435852054 128.7374149659864
57.75024127960205 129.24625850340135
58.033865737915036 129.75510204081633
56.924659442901614 130.2639455782313
58.77063164710999 130.77278911564625
75.4687605857849 131.28163265306122
81.56459646224975 131.7904761904762
81.73450555801392 132.29931972789115
63.64148094654083 132.80816326530612
56.66868357658386 133.3170068027211
57.86298427581787 133.82585034013604
53.452472448349 134.33469387755102
53.26656804084778 134.843537414966
59.8630012512207 135.35238095238094
56.45708055496216 135.86122448979592
48.21118865013123 136.3700680272109
60.18027873039246 136.87891156462584
70.6648120880127 137.3877551020408
70.87724690437317 137.8965986394558
69.92998208999634 138.40544217687074
65.16562490463257 138.9142857142857
66.93612651824951 139.4231292517007
62.037404441833495 139.93197278911563
53.75452108383179 140.4408163265306
59.89920606613159 140.94965986394558
55.536128997802734 141.45850340136053
41.360025596618655 141.9673469387755
44.70000009536743 142.47619047619048
63.88853826522827 142.98503401360543
78.91807508468628 143.4938775510204
85.6701976299286 144.00272108843538
80.72411999702453 144.51156462585033
62.4990740776062 145.0204081632653
62.99392652511597 145.52925170068028
60.12782759666443 146.03809523809525
60.38917083740235 146.5469387755102
64.81569910049438 147.05578231292517
70.92318334579468 147.56462585034015
70.48497066497802 148.0734693877551
51.814339065551756 148.58231292517007
57.76290583610535 149.09115646258505
68.55226130485535 149.6
74.85561079978943 150.10884353741497
71.82487845420837 150.61768707482995
69.4544771194458 151.1265306122449
54.70558137893677 151.63537414965987
50.751670837402344 152.14421768707484
45.04140729904175 152.6530612244898
49.738613557815555 153.16190476190476
50.650839138031 153.67074829931974
53.53646836280823 154.1795918367347
64.39143805503845 154.68843537414966
67.6647880077362 155.19727891156464
74.43206439018249 155.70612244897958
107.7074514389038 156.21496598639456
61.412983751297 156.72380952380954
33.96545071601868 157.23265306122448
20.383976256847383 157.74149659863946
44.552936083078386 158.25034013605443
88.46207838058471 158.75918367346938
68.48758988380432 159.26802721088436
65.05659356117249 159.77687074829933
61.954798460006714 160.28571428571428
65.32313232421875 160.79455782312925
65.28558034896851 161.30340136054423
58.35015554428101 161.81224489795918
63.18110188245773 162.32108843537415
45.64220179319382 162.82993197278913
40.98648577928543 163.33877551020407
43.36241792440414 163.84761904761905
48.88194043636322 164.35646258503402
44.7760673046112 164.86530612244897
43.31732354164124 165.37414965986395
25.775622844696045 165.88299319727892
25.092402720451354 166.39183673469387
19.555445313453674 166.90068027210884
19.8429523229599 167.40952380952382
23.368498516082763 167.91836734693877
21.57542427778244 168.42721088435374
17.454975926876067 168.93605442176872
12.29677576571703 169.44489795918366
34.191100135445595 169.95374149659864
21.301997661590576 170.4625850340136
16.240793687105178 170.97142857142856
29.878646421432496 171.48027210884354
19.862157273292542 171.9891156462585
39.78634088039398 172.49795918367346
81.112717628479 173.00680272108843
91.81639776229858 173.5156462585034
76.22882871627807 174.02448979591836
68.47742071151734 174.53333333333333
62.115385341644284 175.0421768707483
57.857551193237306 175.55102040816325
53.762251663208005 176.05986394557823
52.589856958389284 176.5687074829932
51.26026039123535 177.07755102040815
55.80888783931732 177.58639455782313
50.65122058391571 178.0952380952381
51.215315437316896 178.60408163265305
64.26599860191345 179.11292517006802
70.9065978050232 179.621768707483
75.9734384059906 180.13061224489795
54.283480978012086 180.63945578231292
65.86195468902588 181.1482993197279
56.4959810256958 181.65714285714284
49.6446432352066 182.16598639455782
50.47769570350647 182.6748299319728
46.364398670196536 183.18367346938774
38.618725872039796 183.69251700680272
51.23852386474609 184.2013605442177
64.71659698486329 184.71020408163264
66.39658906459809 185.21904761904761
65.25074355602264 185.7278911564626
43.00208539962769 186.23673469387754
16.86712441444397 186.7455782312925
13.727126312255859 187.2544217687075
24.466166543960572 187.76326530612246
64.26874709129333 188.2721088435374
62.43570170402527 188.78095238095239
56.466786003112794 189.28979591836736
56.99459047317505 189.7986394557823
58.72046613693237 190.30748299319728
68.3142827987671 190.81632653061226
75.48812084197998 191.3251700680272
76.21897807121277 191.83401360544218
69.83389225006104 192.34285714285716
60.59787216186523 192.8517006802721
56.20822191238403 193.36054421768708
52.87661809921265 193.86938775510205
56.1774866104126 194.378231292517
55.65257024765015 194.88707482993198
62.15512385368347 195.39591836734695
51.28852024078369 195.9047619047619
52.71497235298157 196.41360544217687
66.65616421699524 196.92244897959185
76.32639150619507 197.4312925170068
69.33933038711548 197.94013605442177
60.62049136161804 198.44897959183675
61.50740747451782 198.9578231292517
59.581967449188234 199.46666666666667
59.54196252822876 199.97551020408164
51.431510305404665 200.4843537414966
55.10745248794556 200.99319727891157
53.07836675643921 201.50204081632654
40.89327812194824 202.0108843537415
53.20656623840332 202.51972789115646
78.83395404815674 203.02857142857144
83.70296478271484 203.5374149659864
78.15924768447876 204.04625850340136
61.68360939025879 204.55510204081634
67.57591667175294 205.06394557823128
58.03189649581909 205.57278911564626
50.21500997543335 206.08163265306123
58.739345741271975 206.59047619047618
50.504022645950315 207.09931972789116
52.41890544891358 207.60816326530613
51.53376049995423 208.11700680272108
65.23207411766052 208.62585034013605
71.48888320922852 209.13469387755103
74.75738954544067 209.64353741496598
76.87148523330688 210.15238095238095
65.72821846008301 210.66122448979593
61.90470781326294 211.17006802721087
54.535066556930545 211.67891156462585
50.84470138549805 212.18775510204082
52.77439913749695 212.69659863945577
47.59103546142578 213.20544217687075
46.13487181663513 213.71428571428572
57.868437910079955 214.22312925170067
66.69848570823669 214.73197278911564
76.76950225830078 215.24081632653062
66.76780204772949 215.74965986394557
44.1132152557373 216.25850340136054
10.509977316856384 216.76734693877552
3.228561681509018 217.27619047619046
2.1046837747097014 217.78503401360544
1.5963400185108185 218.29387755102042
0.8129594191908837 218.80272108843536
0.3799295358359814 219.31156462585034
