29
65
79
106
143
164
174
197
204
259
268
274
282
320
351
360
392
404
424
441
456
471
486
508
517
531
551
567
582
607
620
644
657
666
674
682
690
696
718
728
736
752
769
781
793
798
814
822
838
846
856
861
879
886
893
908
956
979
987
1019
1027
1032
1072
1078
1081
1084
1086
1092
1096
1118
1128
1144
1160
1175
1191
1198
1207
1222
1238
1254
1269
1285
1301
1317
1332
1348
1363
1379
1395
1410
1426
1442
1457
1473
1489
1504
1520
1536
1551
1567
1583
1598
1625
1629
1645
1661
1677
1692
1708
1723
1739
1755
1771
1786
1802
1818
1821
1833
1849
1865
1880
1896
1912
1927
1943
1959
1974
1990
1993
2005
2021
2037
2052
2056
2068
2075
2084
2100
2115
2131
2147
2162
2178
2185
2193
2209
2225
2240
2244
2256
2272
2281
2287
2303
2319
2334
2350
2366
2381
2397
2404
2413
2429
2432
2444
2460
2475
2491
2507
2522
2530
2538
2554
2570
2585
2601
2632
2635
2639
2648
2663
2679
2695
2710
2726
2742
2773
2788
2804
2820
2836
2851
2867
2882
2898
2914
2930
2945
2961
2976
2992
3008
3024
3039
3055
3070
3086
3102
3111
3118
3133
3149
3155
3165
3202
3211
3227
3243
3258
3274
3290
3305
3321
3337
3352
3368
3384
3399
3415
3431
3446
3462
3478
3484
3494
3509
3525
3528
3531
3540
3556
3571
3574
3587
3603
3619
3634
3650
3658
3665
3681
3697
3755
3758
3775
3791
3807
3813
3822
3826
3829
3838
3853
3869
3885
3900
3916
3932
3947
3951
3963
3979
3995
4010
4026
4042
4057
4073
4089
4104
4120
4135
4143
4151
4167
4182
4185
4198
4205
4214
4230
4245
4261
4276
4292
4308
4323
4326
4331
4339
4355
4370
4386
4402
4417
4433
4449
4465
4480
4496
4511
4527
4543
4558
4574
4590
4605
4609
4621
4637
4652
4668
4684
4699
4715
4731
4746
4762
4778
4784
4793
4809
4825
4828
4840
4856
4871
4887
4903
4918
4934
4950
4953
4966
4981
4997
5013
5028
5044
5060
5075
5091
5107
5122
5138
5153
5169
5185
5216
5232
5246
5254
5279
5294
5302
5310
5326
5342
5357
5373
5388
5404
5411
5420
5435
5451
5467
5483
5498
5514
5543
5568
5575
5583
5591
5599
5606
5614
5638
5646
5668
5678
5700
5708
5720
5731
5741
5755
5765
5772
5780
5795
5811
5827
5843
5858
5874
5890
5905
5912
5921
5936
5952
5968
5984
5987
5999
6015
6031
6046
6062
6078
6093
6109
6125
6140
6156
6163
6171
6187
6203
6261
6264
6281
6297
6312
6319
6328
6344
6359
6375
6391
6407
6422
6438
6454
6469
6485
6500
6516
6532
6547
6563
6579
6585
6595
6610
6626
6642
6657
6673
6688
6704
6711
6720
6735
6751
6767
6782
6798
6813
6829
6845
6860
6876
6892
6908
6923
6939
6955
6970
6986
7001
7017
7033
7049
7064
7080
7096
7111
7127
7143
7158
7174
7182
7190
7205
7212
7275
7289
7292
7299
7320
