14
18
22
26
29
33
37
41
45
49
57
61
65
73
76
80
84
93
95
99
103
109
111
115
119
131
147
163
179
194
209
226
241
257
272
288
304
320
335
350
367
382
398
413
429
445
461
475
491
507
523
539
554
570
585
601
617
633
648
664
680
695
711
726
742
758
773
789
805
820
836
851
868
883
899
915
930
945
962
978
993
1035
1050
1064
1083
1098
1114
1133
1143
1150
1164
1181
1196
1212
1228
1243
1258
1274
1290
1306
1321
1337
1354
1370
1384
1399
1416
1431
1448
1463
1478
1494
1509
1525
1541
1556
1572
1588
1603
1619
1634
1650
1667
1682
1697
1713
1728
1745
1760
1776
1791
1807
1822
1839
1854
1869
1878
1885
1901
1917
1933
1947
1956
1964
1980
1995
2025
2034
2041
2045
2057
2069
2081
2087
2092
2104
2115
2127
2135
2152
2167
2183
2199
2214
2230
2246
2261
2277
2292
2308
2324
2340
2355
2371
2386
2403
2418
2433
2450
2465
2480
2496
2512
2527
2544
2559
2574
2591
2605
2621
2637
2653
2669
2684
2700
2715
2731
2747
2762
2778
2794
2810
2825
2841
2857
2872
2888
2903
2919
2935
2950
2966
2982
2997
3039
3055
3069
3088
3103
3118
3138
3154
3169
3185
3201
3217
3232
3249
3263
3279
3295
3310
3326
3343
3357
3374
3389
3405
3420
3435
3452
3467
3483
3499
3514
3529
3545
3561
3576
3592
3608
3624
3640
3655
3670
3687
3702
3718
3733
3744
3748
3765
3780
3795
3811
3827
3843
3858
3874
3889
3905
3921
3936
3952
3968
3983
3999
4030
4039
4050
4061
4073
4086
4092
4097
4120
4140
4146
4157
4172
4187
4204
4220
4234
4250
4265
4271
4281
4297
4313
4328
4344
4360
4377
4392
4404
4445
4455
4457
4467
4479
4500
4504
4508
4516
4534
4575
4584
4591
4634
4643
4666
4671
4678
4684
4690
4695
4700
4702
4727
4734
4744
4758
4776
4794
4809
4823
4841
4858
4871
4888
4902
4907
4922
4938
4949
4954
4969
4985
5001
5013
5017
5032
5048
5063
5080
5089
5095
5104
5113
5120
5127
5135
5197
5241
5251
5268
5284
5299
5315
5331
5346
5361
5378
5393
5409
5424
5440
5456
5472
5487
5503
5512
5519
5534
5549
5566
5581
5596
5612
5628
5643
5659
5675
5691
5707
5722
5737
5755
5770
5785
5801
5817
5831
5848
5862
5874
5878
5894
5910
5925
5941
5957
5972
5988
6005
6013
6019
6035
6051
6066
6082
6091
6098
6113
6125
6129
6145
6160
6191
6203
6216
6222
6226
6250
6266
6296
6417
6425
6430
6440
6445
6461
6477
6492
6508
6525
6541
6560
6572
6591
6599
6607
6620
6638
6653
6663
6668
6684
6700
6715
6732
6750
6763
6779
6795
6811
6822
6827
6845
6854
6859
6874
6890
