33
44
47
51
58
62
65
69
76
94
97
101
105
108
123
126
137
144
151
176
181
196
204
248
251
255
259
305
309
316
323
327
330
334
359
362
366
370
373
377
381
384
387
398
402
409
416
427
434
438
441
452
455
459
463
469
474
495
517
520
527
531
548
553
584
610
641
663
667
698
724
728
731
735
756
760
777
782
813
839
846
870
875
881
892
927
947
953
960
985
989
1006
1011
1014
1042
1068
1075
1093
1100
1121
1157
1182
1188
1214
1218
1236
1240
1243
1271
1275
1289
1297
1304
1328
1339
1350
1385
1411
1418
1426
1433
1443
1464
1469
1500
1519
1526
1533
1558
1577
1583
1615
1640
1648
1662
1672
1677
1694
1698
1730
1755
1762
1777
1787
1797
1808
1853
1964
2008
2020
2044
2057
2074
2077
2102
2130
2137
2160
2188
2202
2216
2231
2244
2251
2259
2266
2274
2280
2310
2334
2339
2345
2350
2359
2385
2389
2417
2438
2442
2474
2500
2514
2531
2542
2553
2557
2588
2614
2646
2668
2671
2701
2729
2761
2771
2781
2817
2843
2875
2896
2901
2932
2958
2990
3000
3009
3015
3047
3072
3104
3113
3126
3130
3161
3187
3196
3203
3219
3234
3240
3247
3254
3262
3268
3275
3302
3333
3354
3359
3391
3416
3447
3459
3469
3505
3512
3531
3562
3583
3588
3620
3645
3677
3688
3698
3763
3771
3828
3846
3855
3882
3915
3933
3960
3967
3974
3981
3988
3995
4031
4038
4046
4053
4060
4067
4075
4100
4129
4140
4192
4218
4225
4239
4249
4253
4271
4275
4306
4332
4354
4364
4385
4390
4421
4447
4454
4478
4500
4504
4536
4543
4550
4558
4564
4572
4577
4585
4612
4616
4650
4657
4676
4707
4729
4733
4763
4791
4822
4843
4848
4880
4905
4926
4937
4941
4958
4962
4980
4988
4995
5001
5009
5015
5023
5027
5038
5042
5075
5108
5127
5134
5140
5166
5188
5192
5223
5249
5255
5280
5302
5306
5328
5338
5364
5370
5378
5384
5395
5416
5421
5452
5478
5492
5509
5514
5520
5528
5535
5557
5567
5585
5592
5624
5645
5650
5681
5700
5707
5712
5729
5738
5747
5751
5755
5760
5764
5796
5814
5822
5854
5874
5879
5911
5929
5936
5943
5982
5989
5996
6003
6011
6017
6087
6098
6119
6128
6139
6154
6169
6182
6196
6203
6212
6219
6226
6232
6238
6290
6305
6311
6337
6369
6390
6394
6425
6452
6466
6483
6493
6504
6509
6541
6566
6597
6619
6624
6653
6681
6690
6697
6723
6734
6738
6769
6795
6827
6848
6853
6884
6910
6942
6952
6963
6967
6999
7025
7056
7078
7081
7113
7139
7148
7155
7178
7191
7199
7206
7213
7220
7228
7254
7259
7285
7306
7311
7342
7368
7400
7410
7421
7457
7464
7483
7490
7514
7535
7540
7570
7576
7578
7597
7609
7629
7637
7650
7654
7926
7957
8015
8073
8078
8083
8129
8156
8186
8213
