11
58
86
94
105
123
142
208
236
243
254
272
292
357
385
393
405
423
442
507
536
555
573
602
666
672
686
694
704
723
752
836
856
866
876
896
902
920
926
930
949
958
986
997
1005
1042
1051
1079
1117
1153
1173
1201
1229
1250
1257
1266
1304
1323
1340
1349
1359
1363
1378
1397
1416
1425
1437
1454
1472
1481
1491
1503
1530
1557
1567
1596
1605
1638
1650
1678
1682
1698
1705
1736
1756
1801
1828
1874
1879
1885
1909
1912
1923
1949
1968
1981
2002
2006
2019
2024
2029
2044
2053
2073
2089
2100
2118
2127
2148
2154
2166
2224
2232
2249
2269
2278
2298
2304
2308
2314
2334
2364
2367
2373
2385
2400
2426
2464
2503
2520
2539
2548
2577
2615
2652
2671
2690
2699
2727
2752
2763
2800
2849
2879
2896
2915
2924
2936
2942
2952
2971
2990
3000
3008
3017
3027
3046
3073
3101
3130
3149
3155
3159
3168
3179
3215
3225
3243
3252
3280
3300
3317
3327
3346
3355
3365
3374
3386
3402
3412
3422
3430
3451
3458
3464
3478
3496
3523
3551
3570
3599
3628
3665
3729
3731
3748
3778
3834
3899
3928
3948
3965
3978
3987
4005
4018
4038
4048
4077
4152
4170
4187
4199
4227
4265
4269
4286
4348
4367
4377
4405
4411
4414
4465
4472
4477
4481
4483
4499
4572
4648
4723
4797
4872
4946
5003
5023
5059
5078
5097
5157
5171
5209
5246
5303
5305
5307
5317
5321
5360
5378
5396
5471
5533
5546
5622
5698
5726
5771
5829
5847
5904
5914
5922
5996
6071
6110
6127
6146
6220
6241
6261
6295
6371
6446
6501
6517
6524
6558
6594
6672
6711
6745
6815
6821
6897
6953
6960
6970
6983
7031
7042
7046
7115
7121
7195
7253
7259
7270
7331
7344
7401
7421
7457
7475
7495
7569
7607
7644
7701
7714
7719
7758
7776
7794
7843
7869
7882
7931
7941
7944
8010
8096
8100
8106
8111
8118
8130
8134
8139
8146
8153
8156
8159
8176
8192
8205
8210
8222
8228
8231
8234
8254
8268
8284
8289
8296
8303
8306
8309
8314
8326
8335
8341
8354
8359
8364
8371
8378
8381
8384
8389
8395
8401
8404
8418
8434
8446
8452
8456
8458
8470
8476
8479
8485
8493
8504
8509
8522
8527
8531
8533
8540
8554
8566
8579
8583
8586
8589
8597
8602
8606
8608
8620
8627
8629
8643
8654
8659
8664
8672
8677
8681
8683
8690
8695
8699
8704
8716
8729
8733
8747
8752
8756
8758
8765
8770
8779
8785
8790
8804
8808
8822
8827
8831
8833
8839
8845
8883
8896
8902
8908
8915
8935
8954
8958
8977
8980
8983
8989
9017
9029
9033
9046
9052
9055
9058
9092
9108
