-2 9312 0 0 1 false
0.0 0.0
210.79114379882813 0.508843537414966
126.33390731811524 1.017687074829932
44.19891242980957 1.526530612244898
131.3545510292053 2.035374149659864
84.5219985485077 2.54421768707483
104.40354957580567 3.053061224489796
128.30169095993043 3.5619047619047617
54.61266112327576 4.070748299319728
211.16627521514891 4.579591836734694
187.75810165405272 5.08843537414966
76.10459194183349 5.597278911564626
34.21582555770874 6.106122448979592
116.11068196296692 6.614965986394558
96.01470603942872 7.123809523809523
140.37445144653321 7.63265306122449
148.73182344436646 8.141496598639456
59.81569333076477 8.650340136054421
215.25074167251586 9.159183673469387
145.81612815856934 9.668027210884354
64.82022018432617 10.17687074829932
76.57068252563477 10.685714285714285
160.5750967979431 11.194557823129252
88.69355416297913 11.703401360544218
153.14776582717894 12.212244897959184
116.9217514038086 12.72108843537415
110.44527597427368 13.229931972789116
300.2587977409363 13.738775510204082
138.6554718017578 14.247619047619047
88.12588596343994 14.756462585034013
99.3089557647705 15.26530612244898
119.031081199646 15.774149659863946
99.33526630401612 16.282993197278913
138.41823873519897 16.791836734693877
78.19604320526123 17.300680272108842
133.6554388999939 17.80952380952381
278.0958839416504 18.318367346938775
139.48720016479493 18.827210884353743
83.83562240600585 19.336054421768708
79.68726825714111 19.844897959183672
86.43070516586303 20.35374149659864
106.52082595825195 20.862585034013605
132.32680654525757 21.37142857142857
58.142654466629025 21.88027210884354
133.4614469528198 22.389115646258503
202.21508560180663 22.897959183673468
79.23011150360108 23.406802721088436
35.87574033737182 23.9156462585034
16.510973358154295 24.42448979591837
9.958628129959106 24.933333333333334
12.504539489746094 25.4421768707483
31.14126536846161 25.951020408163266
37.478669667243956 26.45986394557823
40.00682303905487 26.968707482993196
194.767689037323 27.477551020408164
260.3528541564941 27.98639455782313
192.2450080871582 28.495238095238093
286.47299880981444 29.00408163265306
210.75406951904296 29.512925170068026
220.88189315795898 30.021768707482995
256.87668838500974 30.53061224489796
199.2028678894043 31.039455782312924
364.716849899292 31.548299319727892
245.96723136901855 32.05714285714286
362.5912498474121 32.565986394557825
255.90490036010743 33.074829931972786
350.63228073120115 33.583673469387755
298.1620704650879 34.09251700680272
276.84104080200194 34.601360544217684
280.68994140625 35.11020408163265
199.2583309173584 35.61904761904762
422.58859367370604 36.12789115646258
330.3779266357422 36.63673469387755
270.08669357299806 37.14557823129252
226.39803085327148 37.654421768707486
288.9404983520508 38.16326530612245
259.5078285217285 38.672108843537416
199.96259307861328 39.180952380952384
214.01818313598633 39.689795918367345
279.0375923156738 40.19863945578231
379.81137619018557 40.70748299319728
333.3118835449219 41.21632653061224
326.83871841430664 41.72517006802721
303.6788696289062 42.23401360544218
309.51222229003906 42.74285714285714
318.2846313476563 43.25170068027211
346.5809211730957 43.76054421768708
339.3886100769043 44.26938775510204
352.0564998626709 44.778231292517006
440.63524932861327 45.287074829931974
346.0706428527832 45.795918367346935
303.90057907104494 46.304761904761904
214.74390869140626 46.81360544217687
163.82828197479247 47.32244897959184
142.77848854064942 47.8312925170068
163.34460487365723 48.34013605442177
145.04138355255128 48.84897959183674
159.32725524902344 49.3578231292517
393.5886684417725 49.86666666666667
404.7187957763672 50.375510204081635
265.4088821411133 50.8843537414966
244.62685737609863 51.393197278911565
199.62225341796875 51.90204081632653
209.82839736938476 52.410884353741494
188.15147705078124 52.91972789115646
145.79853324890138 53.42857142857143
208.84428005218507 53.93741496598639
481.9177307128906 54.44625850340136
321.3943916320801 54.95510204081633
209.24287872314454 55.46394557823129
149.6644428253174 55.97278911564626
173.19226417541503 56.481632653061226
156.66192207336425 56.99047619047619
185.79790344238282 57.499319727891155
132.69243316650392 58.00816326530612
256.7627956390381 58.51700680272109
274.8296890258789 59.02585034013605
258.29852905273435 59.53469387755102
222.95872116088867 60.04353741496599
191.10439529418946 60.55238095238095
239.71194076538086 61.06122448979592
264.41873970031736 61.57006802721089
231.02081298828125 62.07891156462585
289.3190055847168 62.587755102040816
288.02506561279296 63.096598639455785
272.2112434387207 63.605442176870746
288.8952827453613 64.11428571428571
285.43987197875975 64.62312925170068
251.8934524536133 65.13197278911565
226.60383224487305 65.64081632653061
223.43988914489745 66.14965986394557
122.19184532165528 66.65850340136055
122.19032287597656 67.16734693877551
349.4829376220703 67.67619047619047
340.2312614440918 68.18503401360545
240.84588127136232 68.6938775510204
276.5659553527832 69.20272108843537
282.3466796875 69.71156462585034
288.5203426361084 70.2204081632653
204.71955242156983 70.72925170068027
235.50640640258788 71.23809523809524
266.14158630371094 71.7469387755102
306.51652069091796 72.25578231292516
268.29087562561034 72.76462585034014
196.3457893371582 73.2734693877551
239.85401153564453 73.78231292517007
246.51874809265138 74.29115646258504
161.63948402404785 74.8
301.66700592041013 75.30884353741497
248.5440361022949 75.81768707482993
270.1981071472168 76.3265306122449
231.13014526367186 76.83537414965987
321.10071563720703 77.34421768707483
228.76934585571288 77.85306122448979
255.99759330749512 78.36190476190477
201.6790298461914 78.87074829931973
205.34313583374023 79.37959183673469
263.3941345214844 79.88843537414967
232.71404113769532 80.39727891156463
331.30711898803713 80.90612244897959
268.23133239746096 81.41496598639456
308.00998001098634 81.92380952380952
207.0488380432129 82.43265306122449
259.3518180847168 82.94149659863946
196.40269775390624 83.45034013605442
234.71470527648927 83.95918367346938
190.50791816711427 84.46802721088436
144.1551986694336 84.97687074829932
332.3917568206787 85.48571428571428
252.90366592407227 85.99455782312926
290.6225082397461 86.50340136054422
256.127356338501 87.01224489795918
268.2582546234131 87.52108843537415
318.97495422363284 88.02993197278911
407.9264793395996 88.53877551020408
351.16936645507815 89.04761904761905
327.2437232971191 89.55646258503401
449.621076965332 90.06530612244897
438.7261215209961 90.57414965986395
294.52614822387693 91.08299319727891
401.6657257080078 91.59183673469387
435.46221618652345 92.10068027210885
377.2245330810547 92.60952380952381
353.9327621459961 93.11836734693877
237.0600944519043 93.62721088435374
358.7230682373047 94.1360544217687
398.38295516967776 94.64489795918368
482.22938385009763 95.15374149659864
470.60582427978517 95.6625850340136
383.54808807373047 96.17142857142858
461.82842483520506 96.68027210884354
391.1470550537109 97.1891156462585
386.6148910522461 97.69795918367348
434.9629135131836 98.20680272108844
406.77213897705076 98.7156462585034
447.02695922851564 99.22448979591837
456.8406921386719 99.73333333333333
355.0943061828613 100.2421768707483
413.26587371826173 100.75102040816327
426.2822608947754 101.25986394557823
377.3665573120117 101.7687074829932
365.4281539916992 102.27755102040817
411.16099548339844 102.78639455782313
377.1789978027344 103.29523809523809
498.60746307373046 103.80408163265307
567.9017211914063 104.31292517006803
455.6470558166504 104.82176870748299
308.22204742431643 105.33061224489796
451.7336898803711 105.83945578231292
494.9532989501953 106.34829931972789
521.9597122192383 106.85714285714286
444.7963233947754 107.36598639455782
452.1873497009277 107.87482993197278
473.2353805541992 108.38367346938776
430.0427780151367 108.89251700680272
195.86557579040527 109.40136054421768
266.1801975250244 109.91020408163266
243.040193939209 110.41904761904762
247.83557739257813 110.92789115646258
179.91539421081544 111.43673469387755
210.75651092529296 111.94557823129252
355.61916160583496 112.45442176870748
457.34841003417966 112.96326530612245
447.8501678466797 113.47210884353741
275.79897689819336 113.98095238095237
212.67184524536134 114.48979591836735
212.22272453308105 114.99863945578231
223.22035179138183 115.50748299319729
205.22467117309571 116.01632653061225
144.38645992279052 116.52517006802721
409.57642593383787 117.03401360544218
348.71691818237304 117.54285714285714
356.9402275085449 118.0517006802721
271.40288734436035 118.56054421768708
234.6422077178955 119.06938775510204
260.550350189209 119.578231292517
203.70728302001953 120.08707482993198
253.41860733032226 120.59591836734694
182.52044868469238 121.1047619047619
458.280997467041 121.61360544217688
413.48585510253906 122.12244897959184
348.62073516845703 122.6312925170068
314.9852436065674 123.14013605442177
294.4246681213379 123.64897959183673
216.02613430023194 124.1578231292517
175.69073162078857 124.66666666666667
187.6641061782837 125.17551020408163
283.7545852661133 125.6843537414966
493.41995468139646 126.19319727891157
424.3754913330078 126.70204081632653
278.78759689331054 127.21088435374149
268.9634162902832 127.71972789115647
299.91111068725587 128.22857142857143
285.9591579437256 128.7374149659864
170.39668254852296 129.24625850340135
135.48629245758056 129.75510204081633
289.1527572631836 130.2639455782313
530.589389038086 130.77278911564625
411.36560211181643 131.28163265306122
281.03661041259767 131.7904761904762
345.8831268310547 132.29931972789115
289.3473815917969 132.80816326530612
239.41933250427246 133.3170068027211
258.25647430419923 133.82585034013604
273.48163146972655 134.33469387755102
365.1117630004883 134.843537414966
231.47978744506835 135.35238095238094
76.29799747467041 135.86122448979592
27.038098859786988 136.3700680272109
136.6127511024475 136.87891156462584
316.0630859375 137.3877551020408
106.12343139648438 137.8965986394558
69.07074184417725 138.40544217687074
38.846204090118405 138.9142857142857
255.18682193756104 139.4231292517007
170.84504814147948 139.93197278911563
82.53882484436035 140.4408163265306
44.48082809448242 140.94965986394558
183.2486861228943 141.45850340136053
348.55234375 141.9673469387755
178.15914878845214 142.47619047619048
93.20675449371338 142.98503401360543
52.806864738464355 143.4938775510204
291.1850196838379 144.00272108843538
195.63067398071288 144.51156462585033
126.21245002746582 145.0204081632653
92.78870849609375 145.52925170068028
271.95349578857423 146.03809523809525
194.862984085083 146.5469387755102
88.56409225463867 147.05578231292517
38.20827894210815 147.56462585034015
84.21767959594726 148.0734693877551
296.62369232177736 148.58231292517007
88.24287824630737 149.09115646258505
24.421973323822023 149.6
74.3577492237091 150.10884353741497
276.5159721374512 150.61768707482995
182.51367111206054 151.1265306122449
171.07094058990478 151.63537414965987
184.6578582763672 152.14421768707484
257.9456308364868 152.6530612244898
332.1474380493164 153.16190476190476
163.8342498779297 153.67074829931974
85.82715320587158 154.1795918367347
241.18534660339355 154.68843537414966
335.33057708740233 155.19727891156464
150.2770652770996 155.70612244897958
246.02984008789062 156.21496598639456
134.02444381713866 156.72380952380954
259.5654169082642 157.23265306122448
240.4787155151367 157.74149659863946
132.64593467712402 158.25034013605443
85.23357639312744 158.75918367346938
161.4375940322876 159.26802721088436
343.0340686798096 159.77687074829933
157.2799503326416 160.28571428571428
179.1814105987549 160.79455782312925
141.02073974609374 161.30340136054423
274.4516471862793 161.81224489795918
160.35460205078124 162.32108843537415
100.35079898834229 162.82993197278913
54.57080593109131 163.33877551020407
178.15019779205323 163.84761904761905
240.4866195678711 164.35646258503402
66.799481010437 164.86530612244897
33.693475008010864 165.37414965986395
24.067431640625 165.88299319727892
268.7711166858673 166.39183673469387
173.6512767791748 166.90068027210884
61.65277729034424 167.40952380952382
29.031797075271605 167.91836734693877
184.3784677505493 168.42721088435374
111.80175590515137 168.93605442176872
52.96242504119873 169.44489795918366
27.705186939239503 169.95374149659864
16.767095184326173 170.4625850340136
328.40704212188723 170.97142857142856
284.484158706665 171.48027210884354
167.1338996887207 171.9891156462585
70.17661323547364 172.49795918367346
274.464715385437 173.00680272108843
190.46856880187988 173.5156462585034
120.62348022460938 174.02448979591836
170.8664707183838 174.53333333333333
308.09327545166013 175.0421768707483
350.96300506591797 175.55102040816325
152.95383110046387 176.05986394557823
66.5402904510498 176.5687074829932
79.47687072753907 177.07755102040815
283.3879020690918 177.58639455782313
196.61299781799318 178.0952380952381
81.6932502746582 178.60408163265305
37.863090705871585 179.11292517006802
202.88677835464478 179.621768707483
301.1238067626953 180.13061224489795
206.4608070373535 180.63945578231292
113.04586334228516 181.1482993197279
107.46176147460938 181.65714285714284
304.6041973114014 182.16598639455782
117.3612216949463 182.6748299319728
328.59786796569824 183.18367346938774
262.63090591430665 183.69251700680272
336.524303817749 184.2013605442177
255.60961151123047 184.71020408163264
189.44755210876465 185.21904761904761
103.99284496307374 185.7278911564626
153.80842132568358 186.23673469387754
240.04285697937013 186.7455782312925
112.55786838531495 187.2544217687075
156.15312252044677 187.76326530612246
53.06005849838257 188.2721088435374
306.4209788322449 188.78095238095239
171.98829040527343 189.28979591836736
99.20551452636718 189.7986394557823
65.08753185272217 190.30748299319728
228.76607360839844 190.81632653061226
243.47494926452637 191.3251700680272
112.97886600494385 191.83401360544218
77.08235893249511 192.34285714285716
56.31814670562744 192.8517006802721
311.43103103637696 193.36054421768708
124.83855609893799 193.86938775510205
48.52415771484375 194.378231292517
77.96544895172119 194.88707482993198
202.0400074005127 195.39591836734695
163.0951416015625 195.9047619047619
202.27646999359132 196.41360544217687
212.4111427307129 196.92244897959185
245.8790138244629 197.4312925170068
359.6310150146484 197.94013605442177
210.07191467285156 198.44897959183675
116.08955383300781 198.9578231292517
82.46615848541259 199.46666666666667
321.5907030105591 199.97551020408164
175.3673267364502 200.4843537414966
159.6685577392578 200.99319727891157
105.85716323852539 201.50204081632654
198.42039337158204 202.0108843537415
230.88278007507324 202.51972789115646
92.85901489257813 203.02857142857144
34.57222852706909 203.5374149659864
44.15850143432617 204.04625850340136
212.2091157913208 204.55510204081634
122.77230491638184 205.06394557823128
49.75474624633789 205.57278911564626
28.23516712188721 206.08163265306123
180.96018414497377 206.59047619047618
181.08533897399903 207.09931972789116
115.73156967163087 207.60816326530613
131.8441650390625 208.11700680272108
242.0108097076416 208.62585034013605
445.2116424560547 209.13469387755103
171.61974411010743 209.64353741496598
119.94072799682617 210.15238095238095
118.07846374511719 210.66122448979593
293.395246887207 211.17006802721087
193.49626922607422 211.67891156462585
116.45503253936768 212.18775510204082
84.54525928497314 212.69659863945577
239.5932460784912 213.20544217687075
449.7266082763672 213.71428571428572
228.72255172729493 214.22312925170067
144.11054191589355 214.73197278911564
94.47518463134766 215.24081632653062
325.0562717437744 215.74965986394557
238.0085792541504 216.25850340136054
154.91738357543946 216.76734693877552
190.1377975463867 217.27619047619046
374.97885208129884 217.78503401360544
336.34506301879884 218.29387755102042
151.32093238830566 218.80272108843536
95.4308671951294 219.31156462585034
144.07368965148925 219.8204081632653
336.13964424133303 220.32925170068026
121.03281650543212 220.83809523809524
51.18937397003174 221.3469387755102
127.13749618530274 221.85578231292516
328.14794235229493 222.36462585034013
250.36584548950196 222.8734693877551
239.7020164489746 223.38231292517005
229.88604583740235 223.89115646258503
295.2803447723389 224.4
365.2045295715332 224.90884353741495
170.32230911254882 225.41768707482993
116.88805809020997 225.9265306122449
324.00390205383303 226.43537414965985
434.3150695800781 226.94421768707483
235.977685546875 227.4530612244898
287.28605995178225 227.96190476190475
187.17642059326172 228.47074829931972
312.3558578491211 228.9795918367347
247.980322265625 229.48843537414967
140.21532821655273 229.99727891156462
108.59255676269531 230.5061224489796
173.48391494750976 231.01496598639457
377.9388038635254 231.52380952380952
204.19022674560546 232.0326530612245
197.3815662384033 232.54149659863947
178.93362998962402 233.05034013605442
297.3444953918457 233.5591836734694
174.73608512878417 234.06802721088437
112.67156410217285 234.5768707482993
128.04751281738282 235.0857142857143
251.4286895751953 235.59455782312926
387.63810501098635 236.1034013605442
121.78020477294922 236.6122448979592
75.22863311767578 237.12108843537416
92.0799955368042 237.6299319727891
300.80108280181884 238.13877551020408
183.45782318115235 238.64761904761906
70.16290712356567 239.156462585034
55.6294207572937 239.66530612244898
220.84707565307616 240.17414965986396
154.48618202209474 240.6829931972789
84.10430068969727 241.19183673469388
67.1952896118164 241.70068027210885
54.92201099395752 242.2095238095238
72.66941127777099 242.71836734693878
68.78996543884277 243.22721088435375
73.79243850708008 243.7360544217687
80.19952220916748 244.24489795918367
86.14053802490234 244.75374149659865
85.03157596588134 245.2625850340136
80.71747207641602 245.77142857142857
75.923468542099 246.28027210884355
87.18601684570312 246.7891156462585
75.75042247772217 247.29795918367347
74.97299995422364 247.80680272108845
79.58577747344971 248.3156462585034
84.92288961410523 248.82448979591837
80.31497468948365 249.33333333333334
76.8085376739502 249.8421768707483
72.86191482543946 250.35102040816327
72.35097713470459 250.85986394557824
81.75165557861328 251.3687074829932
76.21825942993163 251.87755102040816
73.65282115936279 252.38639455782314
78.25621690750123 252.89523809523808
86.53155603408814 253.40408163265306
77.09194831848144 253.91292517006804
74.49327430725097 254.42176870748298
75.77735652923585 254.93061224489796
78.19320046901703 255.43945578231293
82.08650665283203 255.94829931972788
83.3718713760376 256.45714285714286
78.68185939788819 256.96598639455783
76.22288093566894 257.4748299319728
83.2966386795044 257.9836734693878
74.61264333724975 258.4925170068027
66.11107892990113 259.0013605442177
68.93678741455078 259.51020408163265
67.49496357440948 260.0190476190476
65.41723928451538 260.5278911564626
59.1760871887207 261.0367346938776
50.63663015365601 261.5455782312925
46.80348184108734 262.05442176870747
52.0535849571228 262.56326530612245
45.32858734130859 263.0721088435374
39.88221912384033 263.5809523809524
42.06664562225342 264.0897959183674
42.7018714427948 264.5986394557823
35.05613451004028 265.10748299319727
29.008539533615114 265.61632653061224
26.681624507904054 266.1251700680272
25.28901379108429 266.6340136054422
25.880826902389526 267.14285714285717
22.79362506866455 267.6517006802721
19.321972703933717 268.16054421768706
16.722791242599488 268.66938775510204
16.258041405677794 269.178231292517
12.790287303924561 269.687074829932
11.139521884918214 270.19591836734696
10.611509108543396 270.7047619047619
9.906259071826934 271.21360544217686
8.456757128238678 271.72244897959183
6.194950187206269 272.2312925170068
4.030514013767243 272.7401360544218
2.728785213828087 273.24897959183676
2.278051683306694 273.7578231292517
1.2835295915603637 274.26666666666665
0.6615585640072823 274.7755102040816
0.37351514473557473 275.2843537414966
0.18069947250187396 275.7931972789116
0.06652023568749428 276.30204081632655
0.022409628611057997 276.81088435374147
0.005257628200342879 277.31972789115645
4.4045324034076573E-4 277.8285714285714
0.0 278.3374149659864
