140.0
17
26
40
48
55
62
70
77
90
98
105
112
119
134
141
148
155
162
170
177
184
187
191
198
205
209
226
235
263
277
284
289
292
296
320
327
349
351
370
378
406
413
417
428
435
450
456
463
481
492
514
516
521
547
556
563
570
578
580
600
621
625
635
646
657
671
685
693
721
728
750
776
807
821
829
860
864
875
886
907
915
922
971
1011
1033
1043
1079
1086
1136
1146
1163
1205
1231
1268
1308
1355
1360
1380
1406
1437
1455
1479
1494
1509
1521
1543
1552
1568
1578
1593
1595
1609
1628
1666
1673
1683
1692
1704
1708
1713
1752
1781
1822
1831
1838
1860
1866
1886
1895
1907
1921
1938
1953
1964
1971
1979
2001
2010
2028
2036
2047
2063
2124
2138
2146
2151
2158
2162
2171
2181
2217
2224
2239
2262
2268
2282
2296
2310
2334
2345
2353
2364
2366
2368
2397
2411
2427
2430
2435
2450
2456
2462
2468
2470
2482
2494
2507
2511
2522
2559
2575
2582
2603
2609
2624
2632
2640
2667
2675
2682
2697
2726
2751
2754
2772
2800
2812
2826
2834
2838
2862
2869
2883
2889
2893
2926
2940
2949
2952
2960
2969
2983
3017
3023
3041
3067
3092
3098
3127
3132
3148
3155
3181
3191
3213
3226
3234
3270
3272
3281
3291
3313
3320
3327
3356
3362
3384
3413
3430
3442
3470
3477
3484
3499
3528
3556
3574
3612
3647
3675
3681
3713
3722
3771
3778
3806
3841
3866
3876
3905
3950
3989
4034
4041
4063
4072
4088
4098
4123
4129
4142
4155
4157
4186
4206
4212
4232
4237
4243
4263
4266
4301
4308
4323
4335
4345
4353
4358
4387
4391
4400
4408
4415
4429
4444
4473
4494
4521
4530
4556
4572
4587
4606
4615
4636
4644
4665
4691
4759
4776
4785
4810
4816
4845
4859
4865
4873
4902
4908
4912
4916
4931
4945
4955
4980
4988
4998
5002
5015
5036
5045
5062
5067
5085
5103
5113
5117
5129
5136
5142
5149
5157
5160
5209
5217
5231
5236
5243
5258
5266
5274
5303
5332
5361
5374
5381
5389
5416
5446
5460
5472
5489
5504
5517
5561
5575
5583
5594
5604
5618
5675
5697
5712
5718
5725
5732
5761
5790
5837
5839
5847
5869
5882
5904
5915
5926
5945
5955
5962
5990
5997
6019
6032
6041
6076
6083
6090
6126
6134
6145
6147
6162
6172
6185
6187
6191
6219
6248
6277
6297
6305
6327
6334
6363
6373
6384
6391
6406
6413
6420
6441
6450
6477
6506
6534
6556
6563
6592
6602
6613
6620
6630
6634
6642
6649
6692
6699
6706
6715
6720
6730
6757
6765
6774
6788
6798
6816
6823
6848
6886
6900
6921
6948
6953
6959
6972
6980
6987
6990
6994
7007
7014
7024
7048
7078
7082
7101
7104
7107
7136
7150
7164
7193
7200
7207
7222
7250
7279
7286
7293
7307
7336
7365
7379
7393
7422
7429
7436
7451
7479
7493
7508
7515
7522
7537
7572
7575
7594
7601
7605
7609
7622
7643
7651
7658
7666
7673
7676
7712
7715
7720
7737
7744
7752
7766
7780
7834
7838
7851
7867
7880
7887
7901
7908
7941
7949
7966
7969
7974
7981
7995
8009
