-2 10208 0 0 1 false
0.0 0.0
0.0029406652168212587 0.508843537414966
1.4676621819613502 1.017687074829932
2.3791971802711487 1.526530612244898
9.220757600665092 2.035374149659864
12.84497612118721 2.54421768707483
33.149304842948915 3.053061224489796
36.46556439399719 3.5619047619047617
49.71491918563843 4.070748299319728
101.96629490852357 4.579591836734694
46.976420402526855 5.08843537414966
85.75104517936707 5.597278911564626
138.56488671302796 6.106122448979592
196.41168506145476 6.614965986394558
201.6629068851471 7.123809523809523
217.42994227409363 7.63265306122449
219.4905930519104 8.141496598639456
235.98287572860718 8.650340136054421
202.26362867355346 9.159183673469387
421.4252067565918 9.668027210884354
301.71391410827636 10.17687074829932
366.6829863548279 10.685714285714285
574.3577526092529 11.194557823129252
188.20147428512573 11.703401360544218
327.4728603363037 12.212244897959184
433.0077934265137 12.72108843537415
600.1333591461182 13.229931972789116
666.098762512207 13.738775510204082
569.2112480163574 14.247619047619047
650.9881950378418 14.756462585034013
740.3838150024415 15.26530612244898
570.924354171753 15.774149659863946
1003.3899337768555 16.282993197278913
669.6738716125489 16.791836734693877
460.4945085525513 17.300680272108842
594.4591022491455 17.80952380952381
527.4164854049683 18.318367346938775
750.8200134277344 18.827210884353743
712.0568466186523 19.336054421768708
777.7938064575195 19.844897959183672
706.6743087768555 20.35374149659864
452.05057258605956 20.862585034013605
432.2851728439331 21.37142857142857
858.702054977417 21.88027210884354
566.0884483337402 22.389115646258503
872.7057632446289 22.897959183673468
551.3851257324219 23.406802721088436
483.8975028991699 23.9156462585034
637.0178791046143 24.42448979591837
503.7119270324707 24.933333333333334
636.0119283676147 25.4421768707483
606.2482692718506 25.951020408163266
755.4521545410156 26.45986394557823
668.3023826599122 26.968707482993196
460.29506454467776 27.477551020408164
877.9534072875977 27.98639455782313
598.4446998596192 28.495238095238093
607.237825012207 29.00408163265306
1083.939543914795 29.512925170068026
1009.9582427978515 30.021768707482995
730.1770431518555 30.53061224489796
623.8293277740479 31.039455782312924
371.91705322265625 31.548299319727892
736.5932235717773 32.05714285714286
718.3907051086426 32.565986394557825
865.3968627929687 33.074829931972786
753.9501167297364 33.583673469387755
489.1042860031128 34.09251700680272
681.2769065856934 34.601360544217684
623.1387935638428 35.11020408163265
743.1453868865967 35.61904761904762
1091.1823219299317 36.12789115646258
941.1225891113281 36.63673469387755
600.0858276367187 37.14557823129252
856.0080062866211 37.654421768707486
509.83759689331055 38.16326530612245
1088.5990478515625 38.672108843537416
894.6614219665528 39.180952380952384
1578.1631866455077 39.689795918367345
1504.7526977539062 40.19863945578231
598.2419906616211 40.70748299319728
756.5162704467773 41.21632653061224
735.27939453125 41.72517006802721
386.51490478515626 42.23401360544218
563.265306854248 42.74285714285714
628.7177551269531 43.25170068027211
442.57958030700684 43.76054421768708
442.27855224609374 44.26938775510204
364.5632263183594 44.778231292517006
542.3901306152344 45.287074829931974
585.764241027832 45.795918367346935
467.3563598632812 46.304761904761904
437.35363845825196 46.81360544217687
331.65859909057616 47.32244897959184
674.36392288208 47.8312925170068
665.9860534667969 48.34013605442177
345.9161739349365 48.84897959183674
515.0300239562988 49.3578231292517
767.3081604003906 49.86666666666667
417.78815784454343 50.375510204081635
465.3253967285156 50.8843537414966
611.0099849700928 51.393197278911565
789.4879791259766 51.90204081632653
706.1800971984864 52.410884353741494
740.4325698852539 52.91972789115646
554.004655456543 53.42857142857143
549.4555511474609 53.93741496598639
856.9169372558594 54.44625850340136
803.1047668457031 54.95510204081633
402.13961334228514 55.46394557823129
518.7589027404786 55.97278911564626
739.2228408813477 56.481632653061226
425.53600120544434 56.99047619047619
425.9330402374268 57.499319727891155
496.0953826904297 58.00816326530612
575.5905944824219 58.51700680272109
635.5312744140625 59.02585034013605
403.2316696166992 59.53469387755102
399.8209907531738 60.04353741496599
351.61244201660156 60.55238095238095
698.7986869812012 61.06122448979592
525.3063720703125 61.57006802721089
290.4328971862793 62.07891156462585
534.2906425476074 62.587755102040816
667.2016036987304 63.096598639455785
399.56546745300295 63.605442176870746
485.8259559631348 64.11428571428571
587.3496139526367 64.62312925170068
318.09587917327883 65.13197278911565
168.71410455703736 65.64081632653061
333.96566886901854 66.14965986394557
593.4714622497559 66.65850340136055
816.7463088989258 67.16734693877551
817.5803688049316 67.67619047619047
855.8557067871094 68.18503401360545
715.4897834777832 68.6938775510204
816.3115028381347 69.20272108843537
865.1092239379883 69.71156462585034
741.3992988586426 70.2204081632653
748.5744026184082 70.72925170068027
794.834661102295 71.23809523809524
667.8931686401368 71.7469387755102
951.0538375854492 72.25578231292516
826.1622329711914 72.76462585034014
892.1319763183594 73.2734693877551
894.3161926269531 73.78231292517007
952.7265823364257 74.29115646258504
1077.8577163696289 74.8
934.3171096801758 75.30884353741497
1064.3318145751953 75.81768707482993
1010.8123031616211 76.3265306122449
1115.8496353149415 76.83537414965987
1288.6915496826173 77.34421768707483
1535.4103942871093 77.85306122448979
1112.3813438415527 78.36190476190477
428.7975250244141 78.87074829931973
514.5561181068421 79.37959183673469
1074.6815170288087 79.88843537414967
1946.5334167480469 80.39727891156463
2048.816278076172 80.90612244897959
1894.134539794922 81.41496598639456
1720.237646484375 81.92380952380952
2243.3253540039063 82.43265306122449
2223.568310546875 82.94149659863946
2156.149090576172 83.45034013605442
2322.55771484375 83.95918367346938
2205.818896484375 84.46802721088436
2173.5725830078127 84.97687074829932
2301.7548706054686 85.48571428571428
2546.0052734375 85.99455782312926
2221.868408203125 86.50340136054422
2094.658740234375 87.01224489795918
2064.676397705078 87.52108843537415
2183.6007385253906 88.02993197278911
2014.452587890625 88.53877551020408
2405.6120788574217 89.04761904761905
2141.191162109375 89.55646258503401
2611.2284912109376 90.06530612244897
2328.4202575683594 90.57414965986395
2362.018762207031 91.08299319727891
2003.2674743652344 91.59183673469387
1927.0948059082032 92.10068027210885
2049.602655029297 92.60952380952381
1670.6615600585938 93.11836734693877
2058.714892578125 93.62721088435374
2014.7167358398438 94.1360544217687
2073.448455810547 94.64489795918368
1842.0588623046874 95.15374149659864
2254.888220214844 95.6625850340136
2152.4316223144533 96.17142857142858
2198.8518127441407 96.68027210884354
2245.317742919922 97.1891156462585
2139.1354797363283 97.69795918367348
1941.8257690429687 98.20680272108844
2225.881732177734 98.7156462585034
2167.2534912109377 99.22448979591837
2154.063610839844 99.73333333333333
1899.3746398925782 100.2421768707483
2220.085137939453 100.75102040816327
2392.490167236328 101.25986394557823
1974.085626220703 101.7687074829932
2523.91796875 102.27755102040817
2253.627392578125 102.78639455782313
2518.8784240722657 103.29523809523809
2307.2005920410156 103.80408163265307
2368.7705322265624 104.31292517006803
1439.6366607666016 104.82176870748299
363.8515983581543 105.33061224489796
399.8593940734863 105.83945578231292
1155.903904724121 106.34829931972789
2051.096258544922 106.85714285714286
2062.6823852539064 107.36598639455782
1988.0167236328125 107.87482993197278
1799.9399475097657 108.38367346938776
2327.3875061035155 108.89251700680272
2231.4957580566406 109.40136054421768
2280.430841064453 109.91020408163266
2316.504919433594 110.41904761904762
2381.7355224609373 110.92789115646258
2399.527459716797 111.43673469387755
2447.9266967773438 111.94557823129252
2074.387286376953 112.45442176870748
1918.0692993164062 112.96326530612245
1754.900845336914 113.47210884353741
1595.4613388061523 113.98095238095237
1895.659686279297 114.48979591836735
1866.0058288574219 114.99863945578231
2313.2106079101563 115.50748299319729
2089.244250488281 116.01632653061225
2146.1883544921875 116.52517006802721
2130.7507385253907 117.03401360544218
2189.747912597656 117.54285714285714
1985.5325500488282 118.0517006802721
1971.008563232422 118.56054421768708
2112.402935791016 119.06938775510204
2310.5896423339846 119.578231292517
1814.5347076416015 120.08707482993198
1600.1060745239258 120.59591836734694
1898.2911804199218 121.1047619047619
2035.7500854492187 121.61360544217688
2477.1962768554686 122.12244897959184
2376.446258544922 122.6312925170068
2237.613104248047 123.14013605442177
2193.6430541992186 123.64897959183673
2399.934942626953 124.1578231292517
2193.650390625 124.66666666666667
2114.9703002929687 125.17551020408163
1878.9608459472656 125.6843537414966
2077.302423095703 126.19319727891157
1930.1262634277343 126.70204081632653
2110.2739196777343 127.21088435374149
2071.7187530517576 127.71972789115647
1821.61201171875 128.22857142857143
2410.313348388672 128.7374149659864
2220.6116455078127 129.24625850340135
2514.957238769531 129.75510204081633
2152.4455993652346 130.2639455782313
2199.643603515625 130.77278911564625
2079.4519775390627 131.28163265306122
1917.5563598632812 131.7904761904762
2367.8632629394533 132.29931972789115
2321.6840270996095 132.80816326530612
1424.3318237304688 133.3170068027211
1690.1892578125 133.82585034013604
1481.4711212158204 134.33469387755102
1480.2010833740235 134.843537414966
2023.3999053955079 135.35238095238094
1373.4519134521483 135.86122448979592
1991.1650482177733 136.3700680272109
2120.430529785156 136.87891156462584
1982.5953186035156 137.3877551020408
2196.778771972656 137.8965986394558
2089.726483154297 138.40544217687074
2391.694714355469 138.9142857142857
2024.718603515625 139.4231292517007
1669.037939453125 139.93197278911563
1777.5319396972657 140.4408163265306
1678.717626953125 140.94965986394558
1795.6144653320312 141.45850340136053
2208.7194396972654 141.9673469387755
1855.060235595703 142.47619047619048
1144.6408889770507 142.98503401360543
1201.6097839355468 143.4938775510204
837.721043395996 144.00272108843538
1247.6458938598632 144.51156462585033
1203.5258621215821 145.0204081632653
1654.822528076172 145.52925170068028
1335.9850067138673 146.03809523809525
912.394115447998 146.5469387755102
1985.1557159423828 147.05578231292517
1515.5515228271483 147.56462585034015
938.7858261108398 148.0734693877551
1341.200330352783 148.58231292517007
1868.5712356567383 149.09115646258505
1619.932827758789 149.6
1591.428158569336 150.10884353741497
1356.2798797607422 150.61768707482995
1349.2161331176758 151.1265306122449
1022.0258438110352 151.63537414965987
1149.572576713562 152.14421768707484
1288.3851488113403 152.6530612244898
1413.4914184570312 153.16190476190476
1826.226089477539 153.67074829931974
1518.5629516601562 154.1795918367347
1797.1610778808595 154.68843537414966
1939.584893798828 155.19727891156464
1904.107177734375 155.70612244897958
1545.604818725586 156.21496598639456
1620.118603515625 156.72380952380954
1734.909194946289 157.23265306122448
1595.9264892578126 157.74149659863946
1309.7323944091797 158.25034013605443
1904.3365478515625 158.75918367346938
1684.5530944824218 159.26802721088436
677.8531951904297 159.77687074829933
562.7078262329102 160.28571428571428
631.4884399414062 160.79455782312925
339.9894733428955 161.30340136054423
437.1518802642822 161.81224489795918
530.5287963867188 162.32108843537415
340.8965660095215 162.82993197278913
338.04450569152834 163.33877551020407
328.551277923584 163.84761904761905
363.64734687805174 164.35646258503402
507.96539001464845 164.86530612244897
485.2215972900391 165.37414965986395
423.1798286437988 165.88299319727892
309.51078567504885 166.39183673469387
521.3215873718261 166.90068027210884
504.78664474487306 167.40952380952382
336.24029026031496 167.91836734693877
366.56714248657227 168.42721088435374
575.6818450927734 168.93605442176872
343.9378604888916 169.44489795918366
324.02637100219727 169.95374149659864
448.8135158538818 170.4625850340136
688.3115890502929 170.97142857142856
578.7598243713379 171.48027210884354
686.145263671875 171.9891156462585
649.2166152954102 172.49795918367346
520.1669906616211 173.00680272108843
613.6957550048828 173.5156462585034
741.1715606689453 174.02448979591836
451.77944030761716 174.53333333333333
377.6591827392578 175.0421768707483
543.6617683410644 175.55102040816325
479.11617279052734 176.05986394557823
278.8633228302002 176.5687074829932
437.60855598449706 177.07755102040815
424.6517951965332 177.58639455782313
587.0956298828125 178.0952380952381
435.5460723876953 178.60408163265305
438.0728515625 179.11292517006802
347.63793716430666 179.621768707483
567.3018241882324 180.13061224489795
392.3272430419922 180.63945578231292
251.35477027893066 181.1482993197279
401.22621765136716 181.65714285714284
538.8227783203125 182.16598639455782
483.1199947357178 182.6748299319728
374.7733577728271 183.18367346938774
520.5744049072266 183.69251700680272
412.00566282272337 184.2013605442177
111.39032664299012 184.71020408163264
214.33725299835206 185.21904761904761
491.9961055755615 185.7278911564626
751.6340377807617 186.23673469387754
757.2652038574219 186.7455782312925
819.0039947509765 187.2544217687075
801.6295166015625 187.76326530612246
860.5101638793946 188.2721088435374
845.4359954833984 188.78095238095239
599.7474487304687 189.28979591836736
763.0000457763672 189.7986394557823
698.1650749206543 190.30748299319728
735.6952377319336 190.81632653061226
888.658634185791 191.3251700680272
931.8671401977539 191.83401360544218
1024.250877380371 192.34285714285716
848.7056358337402 192.8517006802721
833.8505569458008 193.36054421768708
931.6283676147461 193.86938775510205
1017.9912322998047 194.378231292517
1103.0934356689454 194.88707482993198
1058.6729309082032 195.39591836734695
912.7400375366211 195.9047619047619
1310.0885772705078 196.41360544217687
1413.2176086425782 196.92244897959185
1262.057064819336 197.4312925170068
433.60276260375974 197.94013605442177
487.4054805755615 198.44897959183675
992.0181266784668 198.9578231292517
2141.2797302246095 199.46666666666667
2244.9994506835938 199.97551020408164
1922.7974914550782 200.4843537414966
1883.260272216797 200.99319727891157
2222.1155395507812 201.50204081632654
2113.1883239746094 202.0108843537415
2222.246746826172 202.51972789115646
2264.403857421875 203.02857142857144
2256.587860107422 203.5374149659864
2144.6169250488283 204.04625850340136
2327.8125061035157 204.55510204081634
2273.252734375 205.06394557823128
2329.29150390625 205.57278911564626
2047.7064697265625 206.08163265306123
2144.147424316406 206.59047619047618
2161.5439514160157 207.09931972789116
1806.735089111328 207.60816326530613
2282.010592651367 208.11700680272108
2079.8444580078126 208.62585034013605
2594.8476501464843 209.13469387755103
2214.743292236328 209.64353741496598
2366.165380859375 210.15238095238095
2257.0639709472657 210.66122448979593
1859.9643188476562 211.17006802721087
2006.1785766601563 211.67891156462585
1945.4745300292968 212.18775510204082
2132.507458496094 212.69659863945577
2045.6977844238281 213.20544217687075
2174.7929626464843 213.71428571428572
1856.7209503173829 214.22312925170067
2283.209344482422 214.73197278911564
2104.4176025390625 215.24081632653062
2343.888775634766 215.74965986394557
2113.6387939453125 216.25850340136054
2236.1673583984375 216.76734693877552
2036.9890747070312 217.27619047619046
2240.8536865234373 217.78503401360544
2143.8771728515626 218.29387755102042
2412.9911254882813 218.80272108843536
1877.2190795898437 219.31156462585034
2145.820428466797 219.8204081632653
2138.615057373047 220.32925170068026
2131.442596435547 220.83809523809524
2536.8048767089845 221.3469387755102
2138.606481933594 221.85578231292516
2383.8763427734375 222.36462585034013
2212.42216796875 222.8734693877551
2268.1261596679688 223.38231292517005
1748.2155899047852 223.89115646258503
402.2419677734375 224.4
286.8413284301758 224.90884353741495
735.361703491211 225.41768707482993
2109.2597839355467 225.9265306122449
2093.5655883789063 226.43537414965985
1907.9992980957031 226.94421768707483
1920.7349670410156 227.4530612244898
2589.1887390136717 227.96190476190475
2167.420050048828 228.47074829931972
1948.9037109375 228.9795918367347
2032.8252746582032 229.48843537414967
2333.8773803710938 229.99727891156462
2393.9523498535154 230.5061224489796
2375.778430175781 231.01496598639457
1997.9212341308594 231.52380952380952
2013.8035278320312 232.0326530612245
2001.8838623046875 232.54149659863947
1639.253939819336 233.05034013605442
1882.7181884765625 233.5591836734694
1876.615576171875 234.06802721088437
2233.8095153808595 234.5768707482993
2060.739605712891 235.0857142857143
1950.6814361572265 235.59455782312926
2240.658837890625 236.1034013605442
2426.4523681640626 236.6122448979592
2089.092901611328 237.12108843537416
1988.624005126953 237.6299319727891
1867.6674499511719 238.13877551020408
2303.4828918457033 238.64761904761906
2065.363934326172 239.156462585034
1699.5765411376954 239.66530612244898
1807.7708526611327 240.17414965986396
1768.2147216796875 240.6829931972789
2286.196368408203 241.19183673469388
2108.251104736328 241.70068027210885
2185.2366943359375 242.2095238095238
2107.6945739746093 242.71836734693878
2358.994104003906 243.22721088435375
2123.7487915039064 243.7360544217687
2111.981829833984 244.24489795918367
1919.210955810547 244.75374149659865
1961.8053283691406 245.2625850340136
1924.8941833496094 245.77142857142857
2134.7119262695314 246.28027210884355
2057.7877716064454 246.7891156462585
1864.723684692383 247.29795918367347
2399.4662841796876 247.80680272108845
2209.9721740722657 248.3156462585034
2377.078778076172 248.82448979591837
2091.9730895996095 249.33333333333334
2280.4602661132812 249.8421768707483
1854.4372344970702 250.35102040816327
1370.882257080078 250.85986394557824
2305.7853576660154 251.3687074829932
2332.916748046875 251.87755102040816
572.9606826782226 252.38639455782314
887.9493133544922 252.89523809523808
913.8669891357422 253.40408163265306
729.4720283508301 253.91292517006804
835.6539596557617 254.42176870748298
675.550383758545 254.93061224489796
782.7624694824219 255.43945578231293
669.8836677551269 255.94829931972788
518.4268047332764 256.45714285714286
606.5698471069336 256.96598639455783
642.6954475402832 257.4748299319728
811.5185760498047 257.9836734693878
1007.3140304565429 258.4925170068027
501.5846343994141 259.0013605442177
931.99017868042 259.51020408163265
631.7425354003906 260.0190476190476
555.6861152648926 260.5278911564626
700.1288879394531 261.0367346938776
675.9963287353515 261.5455782312925
695.4838066101074 262.05442176870747
696.5421894073486 262.56326530612245
579.550813293457 263.0721088435374
830.4700119018555 263.5809523809524
786.7779479980469 264.0897959183674
1004.9213485717773 264.5986394557823
1037.8604309082032 265.10748299319727
524.1097434997558 265.61632653061224
905.4613891601563 266.1251700680272
761.5511642456055 266.6340136054422
656.7098026275635 267.14285714285717
748.1635925292969 267.6517006802721
595.7014167785644 268.16054421768706
797.3991035461426 268.66938775510204
638.5000801086426 269.178231292517
560.0914611816406 269.687074829932
571.8279541015625 270.19591836734696
693.0348876953125 270.7047619047619
783.8363784790039 271.21360544217686
1000.480094909668 271.72244897959183
533.1509307861328 272.2312925170068
955.8905578613281 272.7401360544218
564.1371025085449 273.24897959183676
438.3806182861328 273.7578231292517
776.6302795410156 274.26666666666665
568.0071853637695 274.7755102040816
742.8625465393067 275.2843537414966
713.9629005432129 275.7931972789116
640.7501510620117 276.30204081632655
703.034833908081 276.81088435374147
297.3302677154541 277.31972789115645
572.0478767395019 277.8285714285714
579.9862380981446 278.3374149659864
418.8126220703125 278.8462585034014
695.9959518432618 279.35510204081635
308.58618488311765 279.86394557823127
360.166333770752 280.37278911564624
640.5143791198731 280.8816326530612
264.81234188079833 281.3904761904762
525.4851470947266 281.89931972789117
570.0168142318726 282.40816326530614
444.9939559936523 282.91700680272106
452.44224700927737 283.42585034013604
274.553786277771 283.934693877551
646.5327186584473 284.443537414966
767.133226776123 284.95238095238096
288.3954261779785 285.46122448979594
654.5958751678467 285.97006802721086
351.53335971832274 286.47891156462583
335.3422047615051 286.9877551020408
584.9638808250427 287.4965986394558
376.50545501708984 288.00544217687076
513.4276878356934 288.51428571428573
511.2157634735107 289.02312925170065
464.2745700836182 289.5319727891156
401.57578201293944 290.0408163265306
253.20529146194457 290.5496598639456
584.6658794403077 291.05850340136055
595.2575859069824 291.56734693877553
278.03928871154784 292.0761904761905
582.1999366760253 292.5850340136054
349.0684898376465 293.0938775510204
307.9128432273865 293.6027210884354
489.3506804466248 294.11156462585035
312.50620288848876 294.6204081632653
459.1092388153076 295.1292517006803
415.3963427066803 295.6380952380952
417.06079788208007 296.1469387755102
351.64945125579834 296.65578231292517
201.8211612701416 297.16462585034014
512.1650817871093 297.6734693877551
532.8457145690918 298.1823129251701
124.8781135559082 298.691156462585
43.33342161178589 299.2
72.76848249435425 299.70884353741496
31.767403340339662 300.21768707482994
9.056637823581696 300.7265306122449
21.323576545715333 301.2353741496599
13.932593297958373 301.7442176870748
2.328464064002037 302.2530612244898
1.7660751521587372 302.76190476190476
1.397696423920206 303.27074829931973
0.0 303.7795918367347
0.0 304.2884353741497
0.0 304.7972789115646
0.0 305.3061224489796
