32
41
48
52
63
76
80
87
118
125
139
142
145
170
180
187
194
201
208
211
218
229
253
280
284
290
301
308
312
336
339
346
360
363
367
391
395
401
408
416
422
429
433
440
447
450
474
484
501
529
557
561
567
581
585
588
601
616
636
643
650
654
661
668
671
692
695
699
723
747
750
754
778
782
788
802
806
809
837
858
864
875
882
889
892
913
916
920
927
944
948
954
972
999
1003
1009
1024
1027
1030
1058
1079
1082
1086
1096
1103
1110
1114
1134
1138
1141
1148
1165
1176
1193
1224
1231
1245
1248
1251
1272
1280
1293
1300
1324
1331
1335
1367
1377
1381
1385
1425
1432
1443
1474
1481
1502
1509
1514
1518
1528
1556
1566
1583
1594
1601
1606
1613
1653
1697
1702
1710
1725
1728
1732
1742
1746
1751
1756
1763
1777
1801
1809
1814
1818
1820
1825
1828
1832
1864
1883
1891
1917
1937
1944
1951
1957
1984
1998
2032
2039
2043
2076
2085
2092
2103
2108
2110
2133
2138
2144
2150
2153
2157
2185
2187
2196
2208
2213
2220
2230
2233
2243
2253
2260
2274
2288
2298
2303
2309
2316
2322
2331
2344
2354
2364
2371
2385
2399
2406
2409
2419
2421
2426
2433
2440
2445
2454
2464
2469
2475
2482
2488
2497
2510
2516
2520
2524
2530
2537
2544
2552
2565
2572
2575
2579
2582
2586
2592
2606
2636
2646
2653
2678
2719
2733
2738
2745
2769
2771
2786
2791
2800
2832
2843
2845
2855
2871
2877
2898
2900
2911
2913
2919
2933
2943
2964
2966
2968
2990
2997
3063
3077
3120
3127
3132
3153
3162
3175
3181
3187
3193
3214
3229
3243
3252
3284
3298
3312
3319
3349
3353
3374
3383
3402
3405
3434
3479
3527
3533
3535
3540
3551
3571
3574
3589
3597
3602
3604
3616
3626
3630
3633
3656
3660
3679
3685
3695
3717
3726
3731
3740
3768
3787
3803
3810
3817
3826
3845
3848
3851
3887
3895
3906
3936
3947
3981
3991
4017
4025
4039
4048
4070
4072
4096
4102
4127
4132
4207
4210
4212
4229
4238
4259
4290
4292
4319
4325
4376
4386
4390
4399
4404
4406
4415
4418
4422
4427
4453
4459
4482
4487
4512
4514
4539
4552
4564
4567
4570
4573
4597
4600
4623
4625
4637
4673
4677
4680
4705
4715
4730
4736
4760
4762
4784
4791
4819
4839
4846
4857
4870
4875
4886
4900
4922
4943
4957
4967
4971
4974
4988
4998
5012
5026
5036
5057
5067
5077
5086
5097
5123
5152
5171
5174
5192
5227
5229
5233
5243
5247
5255
5295
5348
5351
5358
5362
5364
5396
5404
5414
5420
5425
5455
5460
5479
5483
5495
5510
5517
5523
5537
5544
5569
5575
5582
5587
5623
5640
5646
5676
5684
5691
5710
5713
5724
5732
5738
5744
5751
5759
5790
5796
5801
5810
5813
5821
5844
5849
5865
5873
5899
5915
5922
5938
5980
6004
6010
6048
6052
6056
6059
6069
6073
6084
6115
6123
6139
6143
6167
6176
6188
6198
6202
6215
6225
6235
6242
6256
6270
6277
6280
6284
6290
6297
6299
6304
6311
6325
6335
6347
6359
6366
6380
6391
6395
6401
6408
6414
6423
6436
6446
6450
6456
6463
6470
6477
6491
6498
6501
6505
6518
6534
6546
6557
6560
6567
6580
6618
6627
6631
6659
6699
6705
6719
6722
6726
6752
6769
6772
6782
6802
6812
6820
6823
6837
6855
6859
6879
6892
6913
6922
6941
6947
6951
6972
6979
7016
7035
7044
7058
7071
7088
7099
7121
7134
7137
7143
7150
7163
7165
7169
7193
7200
7210
7212
7224
7227
7234
7256
7267
7279
7293
7300
7337
7345
7357
7364
7367
7383
7415
7419
7423
7445
7530
7556
7563
7588
7606
7613
7635
7657
7659
7673
7690
7698
7709
7711
7751
7768
7777
7786
7792
7797
7807
7830
7832
7862
7868
7887
7891
7929
7943
7973
7998
8005
8014
8019
8021
8028
8040
8046
8050
8052
8079
8109
8118
8138
8154
8196
8209
8219
8240
8242
8262
8268
8300
8305
8330
8332
8345
8385
8399
8406
8408
8441
8458
8461
8464
8468
8489
8492
8496
8520
8524
8530
8544
8548
8551
8575
8592
8599
8606
8613
8617
8624
8631
8634
8655
8658
8661
8685
8689
8710
8713
8717
8731
8734
8741
8745
8751
8765
8769
8772
8796
8821
8823
8828
8834
8838
8841
8845
8852
8855
8876
8879
8887
8907
8911
8931
8935
8952
8955
8962
8966
8972
8986
8990
8993
9021
9029
9035
9042
9049
9059
9062
9066
9073
9076
9097
9100
9128
9132
9156
9187
9194
9208
9211
9214
9239
9242
9263
9270
9298
9304
9322
9349
9353
9377
9404
9408
9415
9432
9436
9460
9463
9484
9491
9502
9508
9515
9519
9539
9546
9553
9570
9574
9580
9591
9598
9601
9608
9615
9625
9629
9636
9646
9650
9653
9657
9674
9681
9684
9691
9698
9705
9712
9719
9722
9729
9736
9740
9757
9761
9764
9767
9774
9781
9791
9795
9802
9812
9816
9819
9822
9829
9836
9847
9850
9857
9864
9867
9871
9874
9878
9895
9902
9906
9912
9919
9926
9930
9933
9940
9944
9947
9950
9954
9957
9961
9992
10008
10063
10107
10114
10117
