-2 20960 0 0 1 false
0.0 0.0
7.65192632603906E-4 0.508843537414966
0.6127760696806945 1.017687074829932
0.6199367016553878 1.526530612244898
0.4379193216562271 2.035374149659864
0.7746292881667614 2.54421768707483
0.3234936773777008 3.053061224489796
0.2705439645797014 3.5619047619047617
0.2842654887586832 4.070748299319728
0.2699251912534237 4.579591836734694
1.6333509013056755 5.08843537414966
2.1721412539482117 5.597278911564626
3.015589451789856 6.106122448979592
1.5507142126560212 6.614965986394558
1.3157407909631729 7.123809523809523
0.46577929593622686 7.63265306122449
0.6122572898864747 8.141496598639456
0.3419677749276161 8.650340136054421
0.24856622591614724 9.159183673469387
0.7736860729753972 9.668027210884354
0.9414430528879165 10.17687074829932
0.7725413277745247 10.685714285714285
0.8311418831348419 11.194557823129252
1.801759734749794 11.703401360544218
0.8020643875002861 12.212244897959184
1.1510931454598903 12.72108843537415
0.8854780346155167 13.229931972789116
0.9706511497497559 13.738775510204082
1.6770784646272658 14.247619047619047
0.8164592422544956 14.756462585034013
1.2681489363312721 15.26530612244898
5.13440001308918 15.774149659863946
10.396804714202881 16.282993197278913
43.46083273887634 16.791836734693877
131.21207456588746 17.300680272108842
23.033201265335084 17.80952380952381
5.185651969909668 18.318367346938775
1.5757826387882232 18.827210884353743
0.6614381194114685 19.336054421768708
0.369456996768713 19.844897959183672
0.2454645074903965 20.35374149659864
0.3561374306678772 20.862585034013605
1.316913402080536 21.37142857142857
1.9616502463817596 21.88027210884354
2.4347646445035935 22.389115646258503
1.9206969678401946 22.897959183673468
1.3396932989358903 23.406802721088436
1.1505077984184027 23.9156462585034
0.6412040371447801 24.42448979591837
0.4109050050377846 24.933333333333334
0.41358541809022425 25.4421768707483
0.5856692589819431 25.951020408163266
0.9463398672640324 26.45986394557823
1.0417181350290776 26.968707482993196
1.132222729176283 27.477551020408164
1.249757580459118 27.98639455782313
0.7520073026418685 28.495238095238093
0.47127322405576705 29.00408163265306
1.2236797653138638 29.512925170068026
0.9054380387067795 30.021768707482995
0.981120479106903 30.53061224489796
1.083040565252304 31.039455782312924
0.8529716290533542 31.548299319727892
1.2080446049571036 32.05714285714286
0.77151919901371 32.565986394557825
1.1244672313332558 33.074829931972786
0.8641367390751838 33.583673469387755
0.8172165587544441 34.09251700680272
1.8982521831989287 34.601360544217684
0.9353685595095158 35.11020408163265
0.863380066305399 35.61904761904762
1.0771651670336724 36.12789115646258
0.9833332881331444 36.63673469387755
0.8569804072380066 37.14557823129252
0.8870686084032059 37.654421768707486
1.8355831384658814 38.16326530612245
2.6122205555438995 38.672108843537416
4.164037382602691 39.180952380952384
6.41935019493103 39.689795918367345
7.554123210906982 40.19863945578231
10.508007574081422 40.70748299319728
14.398123264312744 41.21632653061224
17.468326354026793 41.72517006802721
18.0702905356884 42.23401360544218
75.30098276138305 42.74285714285714
41.96726131439209 43.25170068027211
15.330772805213929 43.76054421768708
6.811572527885437 44.26938775510204
4.705253928899765 44.778231292517006
2.3029257386922835 45.287074829931974
2.986958736181259 45.795918367346935
2.0909144029021265 46.304761904761904
1.6038592413067818 46.81360544217687
2.3963498398661613 47.32244897959184
1.424827328324318 47.8312925170068
2.950273597240448 48.34013605442177
2.7972066730260847 48.84897959183674
2.2897608876228333 49.3578231292517
3.070707157254219 49.86666666666667
2.116504320502281 50.375510204081635
3.4808935433626176 50.8843537414966
2.9429675728082656 51.393197278911565
3.049659010767937 51.90204081632653
2.8753884226083755 52.410884353741494
2.458521971106529 52.91972789115646
3.393437220156193 53.42857142857143
3.932617910206318 53.93741496598639
3.63551344871521 54.44625850340136
8.02731258869171 54.95510204081633
20.329372763633728 55.46394557823129
9.050364768505096 55.97278911564626
5.890237361192703 56.481632653061226
19.761114275455476 56.99047619047619
18.74957538843155 57.499319727891155
5.828927218914032 58.00816326530612
6.188699278235435 58.51700680272109
22.23631590604782 59.02585034013605
14.149183070659637 59.53469387755102
3.947586786746979 60.04353741496599
6.438590264320373 60.55238095238095
6.167277652025223 61.06122448979592
4.228233495354653 61.57006802721089
4.160425573587418 62.07891156462585
2.262660673260689 62.587755102040816
5.169792982935905 63.096598639455785
2.9716442316770553 63.605442176870746
3.6770358353853227 64.11428571428571
8.011069059371948 64.62312925170068
6.388399887084961 65.13197278911565
11.836008548736572 65.64081632653061
10.334444296360015 66.14965986394557
10.120154184103011 66.65850340136055
24.71211004257202 67.16734693877551
46.791364789009094 67.67619047619047
99.52710523605347 68.18503401360545
48.91171996593475 68.6938775510204
47.886687111854556 69.20272108843537
101.08081693649292 69.71156462585034
121.0710919380188 70.2204081632653
38.6858870267868 70.72925170068027
42.336853528022765 71.23809523809524
78.69138543605804 71.7469387755102
66.24908707141876 72.25578231292516
47.69646902084351 72.76462585034014
99.38110647201538 73.2734693877551
71.61131138801575 73.78231292517007
92.08172445297241 74.29115646258504
30.94795572757721 74.8
28.211052322387694 75.30884353741497
12.507466697692871 75.81768707482993
3.759451133012772 76.3265306122449
1.574103879928589 76.83537414965987
0.8992306351661682 77.34421768707483
0.5778426855802536 77.85306122448979
0.2214204002171755 78.36190476190477
0.17393404729664325 78.87074829931973
0.1532607227563858 79.37959183673469
0.13061570823192598 79.88843537414967
0.16302691884338855 80.39727891156463
0.19885490350425244 80.90612244897959
0.11765186190605163 81.41496598639456
0.12468327321112156 81.92380952380952
0.4353227436542511 82.43265306122449
0.46120493710041044 82.94149659863946
0.2928804613649845 83.45034013605442
0.3354403436183929 83.95918367346938
0.8268196359276772 84.46802721088436
2.3109604686498644 84.97687074829932
2.9870829582214355 85.48571428571428
1.6109869867563247 85.99455782312926
2.421602314710617 86.50340136054422
1.3486580401659012 87.01224489795918
3.381134919822216 87.52108843537415
10.751943147182464 88.02993197278911
8.636899781227111 88.53877551020408
4.847967112064362 89.04761904761905
2.4184225857257844 89.55646258503401
4.730485832691192 90.06530612244897
3.6890475273132326 90.57414965986395
2.152472698688507 91.08299319727891
0.6756443969905377 91.59183673469387
0.7362864591181278 92.10068027210885
0.600156108289957 92.60952380952381
0.5624546341598033 93.11836734693877
3.9494285345077516 93.62721088435374
4.562392854690552 94.1360544217687
1.6888485193252563 94.64489795918368
1.5648197650909423 95.15374149659864
4.5596733257174495 95.6625850340136
10.428653353452683 96.17142857142858
5.621185177564621 96.68027210884354
3.6379090368747713 97.1891156462585
4.200575256347657 97.69795918367348
4.113294404745102 98.20680272108844
8.044758307933808 98.7156462585034
6.5981873869895935 99.22448979591837
5.273032313585281 99.73333333333333
9.266836857795715 100.2421768707483
17.12110013961792 100.75102040816327
91.2118893623352 101.25986394557823
113.18347053527832 101.7687074829932
133.73447494506837 102.27755102040817
125.90848026275634 102.78639455782313
70.28009452819825 103.29523809523809
50.19606671333313 103.80408163265307
58.36830863952637 104.31292517006803
87.43546953201295 104.82176870748299
169.25713367462157 105.33061224489796
151.77414922714235 105.83945578231292
15.760610246658326 106.34829931972789
3.5598913818597793 106.85714285714286
0.8875598609447479 107.36598639455782
0.16169374771416187 107.87482993197278
0.06695902068167925 108.38367346938776
0.4390518430620432 108.89251700680272
0.7109437644481659 109.40136054421768
0.42690507099032404 109.91020408163266
0.62130040936172 110.41904761904762
0.8303682651370764 110.92789115646258
0.379334332421422 111.43673469387755
0.33629639111459253 111.94557823129252
0.4289145637303591 112.45442176870748
1.2339341945946216 112.96326530612245
1.2547596096992493 113.47210884353741
0.922434464097023 113.98095238095237
1.3143217504024505 114.48979591836735
1.2119724974036217 114.99863945578231
1.16987369582057 115.50748299319729
0.6164755064994096 116.01632653061225
0.6299175277352334 116.52517006802721
0.34854106046259403 117.03401360544218
0.8347831021994352 117.54285714285714
1.292174905538559 118.0517006802721
1.3974029004573822 118.56054421768708
1.1806066811084748 119.06938775510204
1.739240399003029 119.578231292517
2.4802015632390977 120.08707482993198
1.1973836123943329 120.59591836734694
1.7060401618480683 121.1047619047619
0.990576820075512 121.61360544217688
0.7576871238648891 122.12244897959184
1.1435491293668747 122.6312925170068
0.6773878417909145 123.14013605442177
0.5556763209402561 123.64897959183673
3.0297581806778906 124.1578231292517
8.687840473651885 124.66666666666667
44.07168955802918 125.17551020408163
124.60177631378174 125.6843537414966
46.66452069282532 126.19319727891157
4.7688064754009245 126.70204081632653
1.3340165570378304 127.21088435374149
1.1050761878490447 127.71972789115647
0.3814209774136543 128.22857142857143
0.34604105055332185 128.7374149659864
0.3922727223485708 129.24625850340135
1.0569450482726097 129.75510204081633
1.5285357058048248 130.2639455782313
1.6272504299879074 130.77278911564625
2.3636905580759047 131.28163265306122
1.2373931035399437 131.7904761904762
1.4375719383358956 132.29931972789115
0.6205027714371681 132.80816326530612
0.7562646999955177 133.3170068027211
0.46496992334723475 133.82585034013604
0.4069096460938454 134.33469387755102
1.0505037687718868 134.843537414966
1.5746430724859237 135.35238095238094
1.152569630742073 135.86122448979592
1.0688345402479171 136.3700680272109
1.4785254657268525 136.87891156462584
1.3083394557237624 137.3877551020408
1.4919138059020043 137.8965986394558
0.8693983793258667 138.40544217687074
0.8451787903904915 138.9142857142857
1.143975029885769 139.4231292517007
0.556851164624095 139.93197278911563
1.0646704915910958 140.4408163265306
0.9449864596128463 140.94965986394558
0.696655735373497 141.45850340136053
1.3456549614667892 141.9673469387755
0.7223751410841942 142.47619047619048
1.0544716522097588 142.98503401360543
1.0376275092363358 143.4938775510204
0.7923447787761688 144.00272108843538
1.3506019935011864 144.51156462585033
1.242164857685566 145.0204081632653
1.3300034940242766 145.52925170068028
1.5792338132858277 146.03809523809525
2.2721357315778734 146.5469387755102
3.5208741545677187 147.05578231292517
5.5462582349777225 147.56462585034015
11.66153404712677 148.0734693877551
17.29986662864685 148.58231292517007
36.862639331817626 149.09115646258505
65.60568904876709 149.6
100.233443069458 150.10884353741497
86.43779716491699 150.61768707482995
91.11740484237671 151.1265306122449
52.576676273345946 151.63537414965987
71.70196714401246 152.14421768707484
45.516721630096434 152.6530612244898
35.57744126319885 153.16190476190476
43.05093517303467 153.67074829931974
69.28573665618896 154.1795918367347
80.84688625335693 154.68843537414966
101.88965663909912 155.19727891156464
72.33867869377136 155.70612244897958
19.25139284133911 156.21496598639456
38.66954679489136 156.72380952380954
27.627070164680482 157.23265306122448
17.332268643379212 157.74149659863946
16.333624958992004 158.25034013605443
10.242157900333405 158.75918367346938
8.942103993892669 159.26802721088436
4.493412184715271 159.77687074829933
4.110221743583679 160.28571428571428
4.982023692131042 160.79455782312925
3.3067486226558684 161.30340136054423
2.3695744305849074 161.81224489795918
2.3026720911264418 162.32108843537415
1.4193267732858659 162.82993197278913
1.1502084404230117 163.33877551020407
1.0367106944322586 163.84761904761905
1.0908244863152503 164.35646258503402
1.0554116755723952 164.86530612244897
0.6404201179742813 165.37414965986395
1.004642479121685 165.88299319727892
0.7519518196582794 166.39183673469387
0.2725328154861927 166.90068027210884
0.4763667397201061 167.40952380952382
0.40725177526474 167.91836734693877
0.27710931450128556 168.42721088435374
0.21280088843777775 168.93605442176872
0.2994989760220051 169.44489795918366
0.24885164387524128 169.95374149659864
0.16758291125297547 170.4625850340136
0.24888501651585102 170.97142857142856
0.28851901218295095 171.48027210884354
0.1402006889693439 171.9891156462585
0.15143553288653494 172.49795918367346
0.11210898328572512 173.00680272108843
0.131754057854414 173.5156462585034
0.18270675241947174 174.02448979591836
0.18230563215911388 174.53333333333333
0.06993574057705701 175.0421768707483
0.08324851449579 175.55102040816325
0.10984512018039823 176.05986394557823
0.08529144804924726 176.5687074829932
0.23434521351009607 177.07755102040815
0.2979710415005684 177.58639455782313
0.07850954309105873 178.0952380952381
0.043296712543815376 178.60408163265305
0.019588409643620252 179.11292517006802
0.011827977024950087 179.621768707483
0.00786208629142493 180.13061224489795
0.00853868827689439 180.63945578231292
0.008464590460062028 181.1482993197279
0.006517914100550115 181.65714285714284
0.0057974795810878275 182.16598639455782
0.00543464447837323 182.6748299319728
0.005295135942287743 183.18367346938774
0.00736483782529831 183.69251700680272
0.012082681129686534 184.2013605442177
0.009393059322610498 184.71020408163264
0.011150205973535776 185.21904761904761
0.03031940069049597 185.7278911564626
0.0258985185995698 186.23673469387754
0.015454573091119528 186.7455782312925
0.011762916971929372 187.2544217687075
0.03920875149779022 187.76326530612246
0.013667017570696771 188.2721088435374
0.02087675970979035 188.78095238095239
0.030559486337006093 189.28979591836736
0.041890190355479716 189.7986394557823
0.07661597188562155 190.30748299319728
0.0351292678155005 190.81632653061226
0.051979654282331464 191.3251700680272
0.05372597090899944 191.83401360544218
0.05554051855579019 192.34285714285716
0.2276952245272696 192.8517006802721
0.21766277253627778 193.36054421768708
0.10140806715935469 193.86938775510205
0.047720246203243735 194.378231292517
0.09206592841073871 194.88707482993198
0.2284430030733347 195.39591836734695
0.12370803542435169 195.9047619047619
0.22956081926822663 196.41360544217687
0.171197809278965 196.92244897959185
0.10792565420269966 197.4312925170068
0.10538983084261418 197.94013605442177
0.1063164858147502 198.44897959183675
0.1132564390078187 198.9578231292517
0.15426384583115577 199.46666666666667
0.15414062477648258 199.97551020408164
0.12415628973394632 200.4843537414966
0.15569898374378682 200.99319727891157
0.1212334806099534 201.50204081632654
0.2176087088882923 202.0108843537415
0.17191470935940742 202.51972789115646
0.17988187745213507 203.02857142857144
0.2375767208635807 203.5374149659864
0.20384217500686647 204.04625850340136
0.18041387535631656 204.55510204081634
0.14628847651183605 205.06394557823128
0.3365509152412415 205.57278911564626
0.32686443254351616 206.08163265306123
0.3194805055856705 206.59047619047618
0.292373451590538 207.09931972789116
0.2581896036863327 207.60816326530613
0.20525690764188767 208.11700680272108
0.20042375288903713 208.62585034013605
0.17895292229950427 209.13469387755103
0.17456755116581918 209.64353741496598
0.14375409055501223 210.15238095238095
0.0663424963131547 210.66122448979593
0.06964296884834767 211.17006802721087
0.06549512594938278 211.67891156462585
0.023994256881996988 212.18775510204082
0.009867124119773507 212.69659863945577
0.00769053753465414 213.20544217687075
0.006319565791636705 213.71428571428572
0.005883704451844096 214.22312925170067
0.007378604239784181 214.73197278911564
0.006352050439454615 215.24081632653062
0.005739553505554796 215.74965986394557
0.005787266907282174 216.25850340136054
0.006039704801514745 216.76734693877552
0.006757151405327022 217.27619047619046
0.006797329941764474 217.78503401360544
0.006573499436490238 218.29387755102042
0.006373377377167344 218.80272108843536
0.00665670360904187 219.31156462585034
0.006895125168375671 219.8204081632653
0.008244220889173448 220.32925170068026
0.007811960554681719 220.83809523809524
0.007038712897337973 221.3469387755102
0.006808175449259579 221.85578231292516
0.006719955010339618 222.36462585034013
0.007171595911495387 222.8734693877551
0.007262944546528161 223.38231292517005
0.006871292111463844 223.89115646258503
0.00679566238541156 224.4
0.006493234890513122 224.90884353741495
0.006735074426978826 225.41768707482993
0.007014726870693266 225.9265306122449
0.0073306693229824305 226.43537414965985
0.006398977478966117 226.94421768707483
0.006622898462228477 227.4530612244898
0.006674423674121499 227.96190476190475
0.006095241848379373 228.47074829931972
0.006871053948998451 228.9795918367347
0.0067472736351192 229.48843537414967
0.006843065307475626 229.99727891156462
0.006710195215418935 230.5061224489796
0.007133546145632863 231.01496598639457
0.006830897158943116 231.52380952380952
0.0064678221940994264 232.0326530612245
0.006736948969773948 232.54149659863947
0.006148043251596391 233.05034013605442
0.006294115702621639 233.5591836734694
0.006736442958936095 234.06802721088437
0.006736712926067412 234.5768707482993
0.030774734052829444 235.0857142857143
0.16628060154616833 235.59455782312926
0.4085596024990082 236.1034013605442
0.48810247182846067 236.6122448979592
0.9673384994268417 237.12108843537416
0.9155359536409378 237.6299319727891
0.794305294752121 238.13877551020408
1.2830275535583495 238.64761904761906
1.2912273675203323 239.156462585034
0.8108466640114784 239.66530612244898
0.6813524574041366 240.17414965986396
0.570266292989254 240.6829931972789
0.8324463367462158 241.19183673469388
0.8186787664890289 241.70068027210885
0.74071224629879 242.2095238095238
2.693386656045914 242.71836734693878
1.2782268419861793 243.22721088435375
0.16378033477813006 243.7360544217687
0.821885023638606 244.24489795918367
1.1550606429576873 244.75374149659865
1.070801804959774 245.2625850340136
0.660965821146965 245.77142857142857
0.3599387459456921 246.28027210884355
0.19258683249354364 246.7891156462585
0.4496712192893028 247.29795918367347
0.8729416444897652 247.80680272108845
0.7551063269376754 248.3156462585034
0.6365524172782898 248.82448979591837
0.2248058833181858 249.33333333333334
0.19577112495899202 249.8421768707483
0.18722137734293937 250.35102040816327
0.17473033182322978 250.85986394557824
0.20366121418774127 251.3687074829932
0.30236820578575135 251.87755102040816
0.2935053534805775 252.38639455782314
0.751466016471386 252.89523809523808
0.584648722410202 253.40408163265306
0.21740806624293327 253.91292517006804
0.057299708109349014 254.42176870748298
0.050326698599383234 254.93061224489796
0.40021931380033493 255.43945578231293
0.44752481356263163 255.94829931972788
0.7504922986030579 256.45714285714286
0.728742764890194 256.96598639455783
1.43565231859684 257.4748299319728
1.0335284173488617 257.9836734693878
1.5907198309898376 258.4925170068027
1.6449161529541017 259.0013605442177
0.7071831807494163 259.51020408163265
0.4918694131076336 260.0190476190476
0.43080819994211195 260.5278911564626
0.4005060739815235 261.0367346938776
0.5606187507510185 261.5455782312925
0.522647212445736 262.05442176870747
1.3758099019527434 262.56326530612245
1.2908511340618134 263.0721088435374
0.8531626120209694 263.5809523809524
1.7352074563503266 264.0897959183674
1.5639503285288812 264.5986394557823
2.4414028853178023 265.10748299319727
2.7579556584358214 265.61632653061224
2.3564065746963023 266.1251700680272
1.940060120820999 266.6340136054422
1.5166258305311202 267.14285714285717
0.8730472326278687 267.6517006802721
0.7061350762844085 268.16054421768706
0.4331869147717953 268.66938775510204
0.9719307035207748 269.178231292517
0.5058560751378536 269.687074829932
0.19357438944280148 270.19591836734696
0.3169797949492931 270.7047619047619
0.7793555915355682 271.21360544217686
0.9552076429128646 271.72244897959183
0.6988412588834763 272.2312925170068
0.20443847067654133 272.7401360544218
0.05817623836919665 273.24897959183676
0.13474645134992896 273.7578231292517
0.6912398874759674 274.26666666666665
0.7932286635041237 274.7755102040816
0.8837522193789482 275.2843537414966
1.2794528484344483 275.7931972789116
1.3310673505067825 276.30204081632655
2.2150967717170715 276.81088435374147
2.430450254678726 277.31972789115645
0.9048854142427445 277.8285714285714
1.1153100684285164 278.3374149659864
0.6330378577113152 278.8462585034014
0.5899451673030853 279.35510204081635
0.4009709436446428 279.86394557823127
0.5850431770086288 280.37278911564624
0.8279878258705139 280.8816326530612
0.9241705447435379 281.3904761904762
0.5158339228481055 281.89931972789117
0.42298245504498483 282.40816326530614
1.005489495396614 282.91700680272106
0.7529824122786521 283.42585034013604
1.0905347049236298 283.934693877551
2.1129268407821655 284.443537414966
0.6732846386730671 284.95238095238096
1.0295343533158303 285.46122448979594
0.4820670738816261 285.97006802721086
1.3640719443559646 286.47891156462583
0.5294231723994016 286.9877551020408
0.1983976099640131 287.4965986394558
0.1290786314755678 288.00544217687076
0.05968136992305517 288.51428571428573
0.02244322900660336 289.02312925170065
0.011484913877211511 289.5319727891156
0.03796393047086895 290.0408163265306
0.028011653665453197 290.5496598639456
0.023845963692292572 291.05850340136055
0.01620521820150316 291.56734693877553
0.04704000758938491 292.0761904761905
0.038591249659657476 292.5850340136054
2.5554798658005895 293.0938775510204
2.4641856849193573 293.6027210884354
1.2881610423326493 294.11156462585035
0.5511345960199833 294.6204081632653
0.5622669443488121 295.1292517006803
0.6713781014084816 295.6380952380952
0.5637150675058364 296.1469387755102
0.7571369588375092 296.65578231292517
0.5126007407903671 297.16462585034014
0.9633014440536499 297.6734693877551
1.3880864679813385 298.1823129251701
1.9509764939546586 298.691156462585
2.441606433689594 299.2
1.9167062789201736 299.70884353741496
1.4741575062274932 300.21768707482994
1.0075127065181733 300.7265306122449
1.0388856530189514 301.2353741496599
0.8029290974140167 301.7442176870748
0.40408272854983807 302.2530612244898
1.70690281027928 302.76190476190476
3.0298673123121262 303.27074829931973
1.5540555000305176 303.7795918367347
0.6590962029993535 304.2884353741497
0.44079650547355415 304.7972789115646
0.6932785665616393 305.3061224489796
1.7225524738430977 305.81496598639455
1.6017733916640282 306.32380952380953
0.6014190688729286 306.8326530612245
0.9314542338252068 307.3414965986395
1.2318747490644455 307.8503401360544
1.4148209542036057 308.3591836734694
2.028608238697052 308.86802721088435
1.987051221728325 309.3768707482993
1.336271021515131 309.8857142857143
1.2343714378774167 310.3945578231293
1.7483727127313613 310.9034013605442
3.6058477401733398 311.41224489795917
2.4628167539834975 311.92108843537414
0.9353115245699882 312.4299319727891
0.5718948796391488 312.9387755102041
0.23873616233468056 313.44761904761907
0.20397718697786332 313.956462585034
0.17532484009861946 314.46530612244896
0.14646577332168817 314.97414965986394
0.07749389968812466 315.4829931972789
0.04814254008233547 315.9918367346939
0.05054307803511619 316.50068027210887
0.15466049537062646 317.0095238095238
0.3213959328830242 317.51836734693876
1.1278959557414054 318.02721088435374
3.2544898450374604 318.5360544217687
4.3384588122367855 319.0448979591837
3.69589900970459 319.55374149659866
9.15027437210083 320.0625850340136
9.945559132099152 320.57142857142856
8.224064934253693 321.08027210884353
7.016681385040283 321.5891156462585
15.954805707931518 322.0979591836735
8.669518899917602 322.60680272108846
5.46039514541626 323.1156462585034
3.832987427711487 323.62448979591835
1.8617398917675019 324.1333333333333
1.433891201019287 324.6421768707483
0.864454472064972 325.1510204081633
0.9454806238412857 325.65986394557825
2.504683127999306 326.16870748299317
6.029134368896484 326.67755102040815
13.259925365447998 327.1863945578231
9.791308903694153 327.6952380952381
6.425443959236145 328.2040816326531
3.1621386289596556 328.71292517006805
1.6593591883778571 329.22176870748297
1.4785581529140472 329.73061224489794
1.1505439937114716 330.2394557823129
2.79199258685112 330.7482993197279
5.920517206192017 331.25714285714287
11.370797157287598 331.76598639455784
11.102541089057922 332.27482993197276
6.657209819555282 332.78367346938774
6.050358152389526 333.2925170068027
8.501332318782806 333.8013605442177
2.8844691663980484 334.31020408163266
1.7612420916557312 334.81904761904764
2.793475443124771 335.3278911564626
4.6831229567527775 335.83673469387753
4.473258703947067 336.3455782312925
1.7010207295417785 336.8544217687075
0.9690168023109436 337.36326530612246
1.3433555722236634 337.87210884353743
0.9780182883143425 338.3809523809524
0.6144303619861603 338.8897959183673
0.2286873497068882 339.3986394557823
0.5928271062672138 339.9074829931973
0.4381006436422467 340.41632653061225
0.6957945950329304 340.9251700680272
0.29774914085865023 341.4340136054422
0.336112092807889 341.9428571428571
0.17050425969064237 342.4517006802721
0.575217141956091 342.9605442176871
0.1816871645860374 343.46938775510205
0.43094843784347175 343.978231292517
0.10396316619589925 344.487074829932
0.17628416046500206 344.9959183673469
0.12268195617944003 345.5047619047619
0.41117617171257737 346.01360544217687
0.24874231209978462 346.52244897959184
0.2799370656721294 347.0312925170068
0.11102257948368788 347.5401360544218
0.2452123047783971 348.0489795918367
0.11029171766713261 348.5578231292517
0.5566282189451158 349.06666666666666
0.38743181377649305 349.57551020408164
0.4342358306981623 350.0843537414966
0.19619815926998854 350.5931972789116
0.47407972514629365 351.1020408163265
0.9969297781586647 351.6108843537415
1.9482483327388764 352.11972789115646
2.4570537388324736 352.62857142857143
2.5745044589042663 353.1374149659864
3.5318132519721983 353.6462585034014
2.5261886954307555 354.1551020408163
3.50617036819458 354.6639455782313
14.99536864757538 355.17278911564625
9.39709701538086 355.68163265306123
8.82724437713623 356.1904761904762
8.302091634273529 356.6993197278912
7.436168110370636 357.2081632653061
7.9581586718559265 357.7170068027211
9.646250569820404 358.22585034013605
9.590129566192626 358.734693877551
4.270415627956391 359.243537414966
1.3423585176467896 359.752380952381
0.4465245224535465 360.2612244897959
2.220755235850811 360.77006802721087
3.4153668105602266 361.27891156462584
3.778833436965942 361.7877551020408
3.6096771001815795 362.2965986394558
3.54666730761528 362.80544217687077
5.350029516220093 363.3142857142857
9.892315363883972 363.82312925170066
11.870170140266419 364.33197278911564
17.110573244094848 364.8408163265306
13.971810865402222 365.3496598639456
13.196723556518554 365.85850340136057
5.662672448158264 366.3673469387755
2.7923336923122406 366.87619047619046
3.2031373143196107 367.38503401360543
3.0012332439422607 367.8938775510204
2.2174779772758484 368.4027210884354
5.48584925532341 368.91156462585036
5.508958649635315 369.4204081632653
3.170965325832367 369.92925170068025
4.996527814865113 370.43809523809523
7.52222421169281 370.9469387755102
6.011255002021789 371.4557823129252
6.39316771030426 371.96462585034016
9.77200620174408 372.4734693877551
10.665436291694641 372.98231292517005
10.122121953964234 373.491156462585
6.958920001983643 374.0
6.0734281778335575 374.508843537415
8.544952893257141 375.01768707482995
7.096290791034699 375.5265306122449
2.888469910621643 376.03537414965984
0.7905426688492299 376.5442176870748
0.55978779271245 377.0530612244898
0.6738186188042163 377.56190476190477
5.705374026298523 378.07074829931975
7.652926206588745 378.5795918367347
7.929557287693024 379.08843537414964
7.993243730068206 379.5972789115646
14.326292085647584 380.1061224489796
20.676856350898742 380.61496598639457
4.795438587665558 381.12380952380954
3.590200835466385 381.6326530612245
13.815607857704162 382.14149659863943
10.020084643363953 382.6503401360544
9.70958170890808 383.1591836734694
19.502744245529176 383.66802721088436
13.210928273200988 384.17687074829934
5.718895551562309 384.6857142857143
3.2858028531074526 385.19455782312923
6.661522603034973 385.7034013605442
5.963641181588173 386.2122448979592
2.0487271934747695 386.72108843537416
4.392980867624283 387.22993197278913
3.6923277139663697 387.7387755102041
2.9713210493326185 388.247619047619
4.055838117003441 388.756462585034
6.8150987267494205 389.265306122449
3.6480519503355024 389.77414965986395
1.1401159375905991 390.2829931972789
4.484274651110172 390.7918367346939
6.500849083065987 391.3006802721088
1.5751708835363387 391.8095238095238
3.8187276482582093 392.31836734693877
5.399775588512421 392.82721088435375
3.1623608440160753 393.3360544217687
4.116377902030945 393.8448979591837
2.847493974864483 394.3537414965986
4.989208966493607 394.8625850340136
3.153732943534851 395.37142857142857
3.8553657148033382 395.88027210884354
1.005871045961976 396.3891156462585
1.1159360989928246 396.8979591836735
3.422292557358742 397.4068027210884
2.579999715834856 397.9156462585034
7.252091348171234 398.42448979591836
9.148641347885132 398.93333333333334
17.97120761871338 399.4421768707483
22.460255289077757 399.9510204081633
10.49605679512024 400.4598639455782
11.558573591709138 400.9687074829932
11.052612459659576 401.47755102040816
8.592426615953446 401.98639455782313
14.421702790260316 402.4952380952381
7.502375100553036 403.0040816326531
10.9094975233078 403.512925170068
5.884208977222443 404.021768707483
4.90715258717537 404.53061224489795
5.122535073757172 405.0394557823129
25.465233850479127 405.5482993197279
36.71171246767044 406.0571428571429
8.32431560754776 406.5659863945578
14.455593490600586 407.0748299319728
22.714205718040468 407.58367346938775
25.38914258480072 408.0925170068027
33.53991994857788 408.6013605442177
39.10007004737854 409.1102040816327
34.68037357330322 409.6190476190476
36.20747537612915 410.12789115646257
51.216534519195555 410.63673469387754
36.473774147033694 411.1455782312925
72.32987442016602 411.6544217687075
138.1351188659668 412.16326530612247
180.6618932723999 412.6721088435374
49.88656034469604 413.18095238095236
26.415659523010255 413.68979591836734
17.994825744628905 414.1986394557823
14.33107807636261 414.7074829931973
19.029964685440063 415.21632653061226
18.79174304008484 415.72517006802724
25.16656937599182 416.23401360544216
20.97919855117798 416.74285714285713
21.464145946502686 417.2517006802721
23.087908887863158 417.7605442176871
23.61494345664978 418.26938775510206
27.629547023773192 418.77823129251703
16.864904522895813 419.28707482993195
16.17995419502258 419.7959183673469
26.922432708740235 420.3047619047619
33.52337231636047 420.8136054421769
47.63668260574341 421.32244897959185
24.67367868423462 421.83129251700683
24.78765997886658 422.34013605442175
54.72758550643921 422.8489795918367
53.54938058853149 423.3578231292517
28.889964032173157 423.8666666666667
11.098317879438401 424.37551020408165
56.24008721113205 424.8843537414966
21.5109703540802 425.39319727891154
11.050487804412843 425.9020408163265
33.743436861038205 426.4108843537415
171.21011142730714 426.91972789115647
57.488953590393066 427.42857142857144
18.23182318210602 427.9374149659864
12.757511854171753 428.44625850340134
13.290178489685058 428.9551020408163
23.227836966514587 429.4639455782313
27.861768341064455 429.97278911564626
40.92746033668518 430.48163265306124
28.322527122497558 430.9904761904762
20.92547986507416 431.49931972789113
16.963844418525696 432.0081632653061
16.60064935684204 432.5170068027211
19.887678813934325 433.02585034013606
17.78910949230194 433.53469387755104
24.169154167175293 434.043537414966
29.51447262763977 434.55238095238093
40.47024545669556 435.0612244897959
47.89414792060852 435.5700680272109
39.069994163513186 436.07891156462586
33.86625733375549 436.58775510204083
33.40375232696533 437.0965986394558
46.773326587677005 437.6054421768707
33.54236598014832 438.1142857142857
22.79950006008148 438.6231292517007
23.88198662996292 439.13197278911565
32.48873329162598 439.6408163265306
18.137098455429076 440.1496598639456
1.7286592155694962 440.6585034013605
0.46394584625959395 441.1673469387755
0.21921069510281085 441.67619047619047
0.12226354442536831 442.18503401360545
1.5449143134057521 442.6938775510204
5.0700607895851135 443.2027210884354
8.652919232845306 443.7115646258503
14.046600294113158 444.2204081632653
6.2172774314880375 444.72925170068027
11.859311079978943 445.23809523809524
11.739556193351746 445.7469387755102
26.41118416786194 446.2557823129252
17.861304211616517 446.7646258503401
6.988940060138702 447.2734693877551
19.24909234046936 447.78231292517006
21.862857866287232 448.29115646258504
31.656043148040773 448.8
33.4799813747406 449.308843537415
8.845061755180359 449.8176870748299
13.659054040908813 450.3265306122449
23.128631496429442 450.83537414965986
28.448239517211913 451.34421768707483
25.93180203437805 451.8530612244898
24.164076614379884 452.3619047619048
28.36055407524109 452.8707482993197
23.99458658695221 453.3795918367347
41.70848183631897 453.88843537414965
14.56103527545929 454.3972789115646
17.914771413803102 454.9061224489796
22.963239336013793 455.4149659863946
36.792980146408084 455.9238095238095
37.41029801368713 456.43265306122447
12.412848091125488 456.94149659863945
32.101924419403076 457.4503401360544
41.54878673553467 457.9591836734694
49.38394775390625 458.4680272108844
20.322816944122316 458.97687074829935
20.31610267162323 459.48571428571427
43.430284118652345 459.99455782312924
27.76427278518677 460.5034013605442
68.59339408874511 461.0122448979592
85.35125217437744 461.52108843537417
106.27442903518677 462.02993197278914
106.84001350402832 462.53877551020406
89.71535243988038 463.04761904761904
46.421410059928895 463.556462585034
110.23359248638153 464.065306122449
121.76461372375488 464.57414965986396
81.65527095794678 465.08299319727894
92.35929527282715 465.59183673469386
53.37028846740723 466.10068027210883
70.26311569213867 466.6095238095238
21.031689357757568 467.1183673469388
43.339986610412595 467.62721088435376
54.307811450958255 468.13605442176873
86.71768932342529 468.64489795918365
51.36552510261536 469.1537414965986
49.64705774784088 469.6625850340136
35.38653728961945 470.1714285714286
40.38319292068481 470.68027210884355
39.74525632858276 471.18911564625853
37.81938014030457 471.69795918367345
30.973565459251404 472.2068027210884
31.01004030704498 472.7156462585034
29.466102528572083 473.2244897959184
13.714780402183532 473.73333333333335
21.586984291672707 474.2421768707483
26.567455649375916 474.75102040816324
9.518696349859237 475.2598639455782
38.85088708400726 475.7687074829932
17.890492844581605 476.27755102040817
10.56643887758255 476.78639455782314
11.765509188175201 477.2952380952381
12.439944589138031 477.80408163265304
7.353105068206787 478.312925170068
33.25694372653961 478.821768707483
25.051558399200438 479.33061224489796
14.511328315734863 479.83945578231294
28.44637987613678 480.3482993197279
17.32314796447754 480.85714285714283
9.489227414131165 481.3659863945578
9.81153213083744 481.8748299319728
9.44947890639305 482.38367346938776
8.133115243911742 482.89251700680273
25.902062690258028 483.4013605442177
23.555268454551697 483.9102040816326
18.64164545536041 484.4190476190476
7.155194813013077 484.9278911564626
18.373958891630174 485.43673469387755
10.9661175429821 485.94557823129253
8.892897814512253 486.4544217687075
12.72213625907898 486.9632653061224
8.025656861066818 487.4721088435374
3.760592448711395 487.9809523809524
17.824682676792143 488.48979591836735
26.252903413772582 488.9986394557823
25.467387199401855 489.5074829931973
14.125691920518875 490.0163265306122
25.112150049209596 490.5251700680272
12.217184495925903 491.03401360544217
9.763829904794694 491.54285714285714
10.461816394329071 492.0517006802721
7.957785284519195 492.5605442176871
6.707576298713684 493.069387755102
24.108820128440858 493.578231292517
22.139876079559325 494.08707482993196
18.00546361207962 494.59591836734694
15.46251847743988 495.1047619047619
23.208020448684692 495.6136054421769
14.743859052658081 496.1224489795918
19.297920727729796 496.6312925170068
14.359225058555603 497.14013605442176
7.678245866298676 497.64897959183673
5.191164508461952 498.1578231292517
29.689303493499757 498.6666666666667
34.71545696258545 499.17551020408166
25.727197194099425 499.6843537414966
31.362452459335326 500.19319727891155
14.286493945121766 500.70204081632653
13.755898928642273 501.2108843537415
30.612683153152467 501.7197278911565
29.250736236572266 502.22857142857146
29.787099742889403 502.7374149659864
43.13723983764648 503.24625850340135
46.01515579223633 503.7551020408163
50.44438991546631 504.2639455782313
25.787002897262575 504.7727891156463
70.90627193450928 505.28163265306125
41.48668699264526 505.79047619047617
101.84170923233032 506.29931972789115
86.78337030410766 506.8081632653061
43.96393685340881 507.3170068027211
170.94292602539062 507.82585034013607
81.8799241065979 508.33469387755105
38.98461790084839 508.84353741496597
47.237047493457794 509.35238095238094
42.81670753955841 509.8612244897959
153.89430990219117 510.3700680272109
76.38171110153198 510.87891156462587
33.722711133956906 511.38775510204084
27.691964185237886 511.89659863945576
38.871545743942264 512.4054421768708
27.757359623908997 512.9142857142857
27.519259667396547 513.4231292517006
94.77195529937744 513.9319727891157
95.3305739402771 514.4408163265306
114.58313064575195 514.9496598639456
111.70410127639771 515.4585034013605
109.80254707336425 515.9673469387756
81.91051349639892 516.4761904761905
52.111179447174074 516.9850340136054
21.19699420928955 517.4938775510204
22.338355016708373 518.0027210884354
15.309532260894775 518.5115646258504
15.690726947784423 519.0204081632653
13.424831652641297 519.5292517006802
17.96819112300873 520.0380952380953
13.804274439811707 520.5469387755102
20.510765695571898 521.0557823129252
28.350369262695313 521.5646258503401
12.529305148124696 522.0734693877552
16.10910246372223 522.5823129251701
21.576535010337828 523.091156462585
31.8385027885437 523.6
25.182534313201906 524.1088435374149
35.38036227226257 524.61768707483
27.140111017227174 525.1265306122449
41.84130802154541 525.6353741496598
78.21546850204467 526.1442176870748
42.506624293327334 526.6530612244898
12.478364396095277 527.1619047619048
50.08392756581306 527.6707482993197
31.2886146068573 528.1795918367347
11.149926745891571 528.6884353741497
3.0498687870800496 529.1972789115646
4.865660494565963 529.7061224489796
8.13424500823021 530.2149659863945
10.545583754777908 530.7238095238096
10.122492170333862 531.2326530612245
14.702847227454185 531.7414965986394
17.504307568073273 532.2503401360544
13.445697885751724 532.7591836734694
20.204456877708434 533.2680272108844
16.68093111515045 533.7768707482993
5.327779254317283 534.2857142857143
15.045352366380394 534.7945578231293
12.539565640687943 535.3034013605442
8.026571893692017 535.8122448979592
13.64088317155838 536.3210884353741
9.770978307723999 536.8299319727892
9.357882505655288 537.3387755102041
11.833827224373817 537.847619047619
16.811014425754546 538.356462585034
14.058404076099396 538.8653061224489
22.374819827079772 539.374149659864
26.13755087852478 539.8829931972789
9.45852068066597 540.3918367346939
13.007304607331752 540.9006802721088
14.888931208848954 541.4095238095238
9.539715617895126 541.9183673469388
14.642272710800171 542.4272108843537
12.160527443885803 542.9360544217687
13.782519841194153 543.4448979591837
9.271312221884727 543.9537414965987
20.72699091434479 544.4625850340136
21.42392506599426 544.9714285714285
26.881512689590455 545.4802721088436
15.261472797393798 545.9891156462585
16.762696838378908 546.4979591836735
15.497292470932006 547.0068027210884
19.19413729906082 547.5156462585034
9.046263593435288 548.0244897959184
8.6482790350914 548.5333333333333
20.086895418167114 549.0421768707483
16.835423231124878 549.5510204081633
19.410784059762953 550.0598639455783
38.672824192047116 550.5687074829932
27.141999101638795 551.0775510204081
26.704817962646484 551.5863945578232
31.689125490188598 552.0952380952381
41.79895620346069 552.6040816326531
17.71411461830139 553.112925170068
24.244817447662353 553.6217687074829
9.798497021198273 554.130612244898
16.95771861076355 554.6394557823129
27.478637218475342 555.1482993197279
26.153993844985962 555.6571428571428
13.34492769241333 556.1659863945579
24.523298251628876 556.6748299319728
27.0953164935112 557.1836734693877
3.1484077304601668 557.6925170068027
0.3608615443110466 558.2013605442177
1.6019495990127326 558.7102040816327
2.3783744156360624 559.2190476190476
2.304724344611168 559.7278911564625
1.360145129263401 560.2367346938776
0.20872976779937744 560.7455782312925
1.1101148694753646 561.2544217687075
1.987981778383255 561.7632653061224
3.1827471256256104 562.2721088435375
5.87890043258667 562.7809523809524
9.326915204524994 563.2897959183673
17.229493808746337 563.7986394557823
7.771375131607056 564.3074829931973
17.869270539283754 564.8163265306123
17.77983295917511 565.3251700680272
23.62379655838013 565.8340136054421
29.725171756744384 566.3428571428572
23.187687969207765 566.8517006802721
13.192389273643494 567.3605442176871
10.537894034385682 567.869387755102
11.446537446975707 568.3782312925171
27.19277458190918 568.887074829932
8.956089794635773 569.3959183673469
8.247184073925018 569.9047619047619
7.697244262695312 570.4136054421768
10.964711046218872 570.9224489795919
11.268155193328857 571.4312925170068
18.04247932434082 571.9401360544217
17.856064677238464 572.4489795918367
14.226097989082337 572.9578231292517
31.704887294769286 573.4666666666667
24.736174058914184 573.9755102040816
10.388724732398988 574.4843537414966
12.164915776252746 574.9931972789116
19.73230242729187 575.5020408163265
29.799873447418214 576.0108843537415
25.926096868515014 576.5197278911564
12.26146183013916 577.0285714285715
16.088046860694885 577.5374149659864
28.172422885894775 578.0462585034013
29.454090857505797 578.5551020408163
23.633014249801636 579.0639455782313
32.60885744094848 579.5727891156463
37.9969162940979 580.0816326530612
72.28546543121338 580.5904761904762
176.45637607574463 581.0993197278912
162.5012954711914 581.6081632653061
58.97288064956665 582.1170068027211
60.60464282035828 582.625850340136
37.52100086212158 583.1346938775511
55.138332748413085 583.643537414966
50.53203763961792 584.152380952381
41.0523850440979 584.6612244897959
90.33614959716797 585.1700680272108
46.29253072738648 585.6789115646259
54.32458519935608 586.1877551020408
30.825274991989136 586.6965986394558
73.65990600585937 587.2054421768707
105.8814359664917 587.7142857142857
47.51844668388367 588.2231292517007
43.392301893234254 588.7319727891156
33.84449496269226 589.2408163265306
65.33237428665161 589.7496598639456
36.93028745055199 590.2585034013606
159.17008256912231 590.7673469387755
59.51241788864136 591.2761904761904
21.367374658584595 591.7850340136055
10.748865401744842 592.2938775510204
8.086433744430542 592.8027210884354
7.457321560382843 593.3115646258503
8.96167595386505 593.8204081632653
7.198648428916931 594.3292517006803
8.500054430961608 594.8380952380952
7.717866706848144 595.3469387755102
7.87019145488739 595.8557823129252
8.012408888339996 596.3646258503402
8.786917293071747 596.8734693877551
9.774375391006469 597.38231292517
7.77649142742157 597.8911564625851
10.098111820220947 598.4
8.432939505577087 598.908843537415
12.518251061439514 599.4176870748299
17.81572754383087 599.9265306122448
22.26654510498047 600.4353741496599
34.3938946723938 600.9442176870748
41.76151704788208 601.4530612244898
30.789603424072265 601.9619047619047
18.754737067222596 602.4707482993198
5.837615549564362 602.9795918367347
13.083588349819184 603.4884353741496
23.880415511131286 603.9972789115646
40.06996927261353 604.5061224489796
54.25117111206055 605.0149659863946
39.04580564498902 605.5238095238095
38.527867794036865 606.0326530612244
36.08383250236511 606.5414965986395
22.024639701843263 607.0503401360544
21.922192335128784 607.5591836734694
36.47265486717224 608.0680272108843
64.82806253433228 608.5768707482994
60.978158950805664 609.0857142857143
75.63419914245605 609.5945578231292
24.605467653274538 610.1034013605442
6.844540166854858 610.6122448979592
2.296821278333664 611.1210884353742
0.8287324279546737 611.6299319727891
0.2857895292341709 612.138775510204
0.10237937644124032 612.6476190476191
0.04300770340487361 613.156462585034
0.021383508993312716 613.665306122449
0.013123154500499367 614.1741496598639
0.009750478179194033 614.682993197279
0.008311164961196483 615.1918367346939
0.007204058393836021 615.7006802721088
0.007343709329143166 616.2095238095238
0.007704111956991255 616.7183673469387
0.007443136931397021 617.2272108843538
0.006392522645182907 617.7360544217687
0.005000331299379468 618.2448979591836
0.003994893457274884 618.7537414965986
0.003137614275328815 619.2625850340136
0.0023002726200502368 619.7714285714286
0.001727840770035982 620.2802721088435
0.0012536484136944637 620.7891156462586
8.025583214475773E-4 621.2979591836735
3.7762746651424093E-4 621.8068027210884
6.990410504386091E-5 622.3156462585034
3.5184872952953583E-6 622.8244897959183
0.0 623.3333333333334
0.0 623.8421768707483
0.0 624.3510204081633
0.0 624.8598639455782
0.0 625.3687074829932
0.0 625.8775510204082
0.0 626.3863945578231
0.0 626.8952380952381
