29
41
51
62
78
112
117
127
133
139
155
177
191
233
260
266
309
326
337
342
349
351
353
358
364
388
419
436
444
465
498
501
515
568
660
677
682
690
710
732
783
834
846
862
880
891
913
919
931
947
971
976
998
1021
1054
1099
1114
1142
1187
1200
1214
1228
1239
1246
1251
1284
1295
1317
1334
1339
1356
1361
1371
1378
1383
1388
1418
1524
1537
1569
1588
1596
1606
1621
1653
1688
1704
1717
1737
1753
1761
1772
1787
1800
1817
1836
1900
1912
1954
1970
2010
2021
2036
2053
2057
2069
2093
2104
2153
2187
2203
2215
2220
2236
2247
2253
2259
2267
2270
2277
2287
2298
2323
2335
2338
2376
2389
2394
2405
2417
2429
2434
2440
2445
2456
2467
2473
2476
2679
2696
2751
2762
2789
2839
2880
2943
2948
2997
3072
3076
3132
3169
3187
3197
3230
3256
3269
3279
3291
3300
3303
3314
3330
3339
3376
3404
3408
3410
3424
3463
3472
3479
3485
3496
3508
3516
3522
3645
3672
3683
3689
3722
3728
3739
3745
3750
3757
3762
3767
3818
3836
3846
3874
3886
3919
3925
3944
3953
3960
3970
3976
3982
3987
3994
4038
4043
4077
4085
4095
4120
4190
4251
4256
4290
4301
4307
4313
4324
4330
4358
4361
4382
4409
4414
4443
4472
4489
4508
4515
4517
4529
4531
4534
4540
4546
4551
4568
4574
4580
4603
4642
4650
4682
4727
4744
4772
4789
4796
4818
4842
4847
4851
4854
4856
4865
4874
4879
4889
4923
4933
4956
4961
4967
4974
4981
4996
4999
5010
5019
5025
5035
5068
5073
5079
5083
5086
5111
5114
5117
5120
5122
5138
5143
5149
5152
5155
5160
5165
5170
5180
5184
5187
5223
5274
5282
5348
5354
5367
5405
5414
5417
5420
5423
5444
5467
5474
5481
5488
5494
5504
5528
5534
5578
5582
5585
5588
5592
5630
5647
5655
5659
5664
5667
5701
5715
5749
5753
5789
5795
5803
5816
5824
5858
5869
5882
5899
5915
6022
6040
6151
6190
6258
6311
6329
6346
6379
6393
6413
6431
6511
6553
6613
6661
6675
6681
6699
6711
6717
6735
6783
6793
6804
6828
6861
6875
6910
6943
6979
6995
7014
7061
7165
7170
7180
7218
7237
7240
7249
7254
7259
7268
7278
7287
7307
7314
7324
7345
7353
7362
7364
7373
7391
7400
7420
7429
7439
7445
7457
7475
7482
7492
7501
7528
7536
7545
7553
7562
7590
7600
7631
7638
7643
7653
7660
7681
7691
7699
7709
7717
7727
7748
7756
7766
7795
7804
7812
7823
7832
7885
7897
7913
7923
7955
7964
7989
8022
8046
8105
8156
8274
8282
8349
8377
8402
8415
8446
8524
8541
8549
8563
8593
8642
8685
8730
8776
8817
8842
8856
8876
8907
8988
9063
9076
9163
9171
9197
9210
9246
9251
9295
9328
9375
9389
9448
9494
9524
9565
9673
9679
9712
9737
9743
9792
9799
9857
9872
9884
9897
9934
9951
9959
9982
9989
10006
10021
10058
10077
10120
10185
10202
10215
10255
10265
10285
10298
10322
10340
10356
10372
10396
10475
10504
10514
10642
10659
10695
10720
10733
10753
10790
10843
10871
10874
10889
10929
10935
10952
10964
10997
11036
11075
11138
11222
11278
11346
11355
11372
11381
11407
11416
11418
11442
11450
11477
11485
11511
11520
11528
11536
11545
11553
11562
11587
11613
11620
11637
11646
11654
11663
11688
11713
11722
11755
11771
11779
11788
11796
11812
11861
11895
11897
11939
11961
11978
12054
12076
12087
12112
12127
12139
12154
12187
12206
12254
12268
12287
12324
12377
12430
12447
12466
12471
12480
12511
12519
12525
12586
12603
12634
12658
12664
12710
12762
12796
12807
12875
12888
12929
12947
12961
12964
12993
13041
13055
13113
13121
13146
13153
13181
13215
13248
13252
13268
13276
13281
13300
13322
13348
13354
13385
13402
13434
13442
13446
13468
13483
13508
13519
13526
13534
13558
13594
13610
13634
13643
13652
13658
13663
13675
13688
13692
13711
13719
13743
13763
13772
13842
13853
13862
13872
13882
13897
13902
13924
13937
13942
13952
13957
13979
14003
14009
14022
14043
14052
14063
14069
14072
14093
14103
14113
14123
14133
14179
14194
14225
14257
14317
14328
14337
14347
14356
14367
14377
14387
14407
14412
14417
14428
14437
14447
14458
14468
14478
14488
14493
14498
14509
14519
14540
14568
14598
14609
14618
14629
14650
14664
14680
14690
14807
14826
14866
14907
14952
14969
14979
14984
14990
15000
15005
15052
15063
15073
15079
15083
15111
15120
15128
15134
15145
15151
15160
15186
15192
15209
15213
15218
15221
15233
15274
15296
15302
15308
15314
15341
15352
15368
15373
15394
15408
15410
15413
15432
15441
15450
15457
15471
15497
15508
15512
15519
15521
15525
15540
15549
15553
15574
15581
15615
15621
15634
15642
15646
15648
15675
15680
15682
15685
15703
15714
15719
15724
15735
15740
15747
15760
15766
15783
15797
15801
15842
15876
15883
15892
15928
15943
15948
15978
15985
16001
16011
16041
16054
16079
16094
16100
16113
16122
16128
16144
16157
16176
16208
16242
16245
16260
16280
16317
16333
16342
16349
16353
16375
16383
16411
16425
16446
16463
16466
16483
16504
16508
16540
16552
16574
16591
16611
16647
16662
16672
16681
16703
16756
16763
16775
16784
16789
16794
16800
16808
16812
16816
16836
16866
16881
16911
16923
16948
16951
16964
17000
17014
17021
17028
17037
17085
17099
17106
17113
17120
17171
17179
17189
17194
17212
17221
17226
17292
17313
17332
17343
17363
17389
17394
17400
17405
17415
17445
17455
17465
17476
17495
17505
17515
17535
17546
17549
17556
17566
17576
17622
17637
17686
17702
17711
17721
17732
17764
17771
17794
17810
17814
17828
17831
17866
17889
17892
17907
17936
17957
17960
17962
17971
17976
17978
18000
18019
18036
18070
18097
18100
18114
18121
18136
18139
18145
18177
18181
18184
18191
18194
18206
18215
18220
18226
18240
18243
18280
18282
18284
18307
18322
18332
18352
18386
18409
18426
18442
18457
18490
18514
18517
18531
18542
18557
18586
18597
18661
18676
18681
18735
18746
18762
18767
18798
18822
18878
18901
18920
18969
18977
18996
19025
19056
19073
19099
19111
19115
19122
19159
19241
19292
19314
19352
19387
19397
19408
19446
19450
19452
19472
19489
19494
19500
19513
19531
19535
19545
19568
19578
19599
19621
19653
19664
19679
19686
19693
19700
19728
19795
19800
19810
19815
19826
19830
19836
19846
19851
19858
19861
19868
19871
19877
19882
19892
19898
19908
19912
19933
19939
19950
19953
19959
19974
19984
19991
19994
20011
20014
20025
20029
20035
20052
20065
20072
20076
20089
20095
20112
20156
20175
20186
20194
20201
20204
20209
20226
20238
20241
20246
20253
20272
20292
20314
20332
20344
20346
20352
20552
20572
20582
20588
20590
20595
20597
20602
20614
