126.0
10
21
37
52
68
84
99
115
124
131
146
162
178
193
209
225
241
249
256
272
288
303
319
334
350
366
374
381
397
400
413
428
444
459
475
485
491
506
522
538
553
569
585
588
600
616
632
647
663
679
694
710
725
741
757
772
788
804
812
820
835
851
866
882
898
914
929
945
960
976
992
1007
1023
1039
1054
1070
1086
1101
1117
1133
1148
1164
1180
1195
1211
1226
1242
1258
1274
1289
1305
1322
1328
1336
1352
1368
1384
1399
1415
1422
1430
1438
1446
1461
1477
1493
1509
1524
1540
1555
1563
1571
1587
1592
1602
1618
1621
1634
1650
1665
1674
1681
1697
1712
1728
1744
1759
1775
1791
1802
1806
1822
1837
1853
1869
1878
1884
1900
1916
1927
1932
1947
1963
1979
1994
2010
2025
2041
2053
2057
2072
2088
2104
2112
2119
2128
2135
2151
2166
2182
2198
2213
2229
2245
2260
2276
2282
2292
2299
2307
2314
2323
2338
2354
2370
2378
2385
2401
2407
2417
2432
2440
2448
2464
2480
2495
2511
2526
2542
2558
2573
2589
2605
2607
2612
2620
2628
2636
2652
2667
2683
2699
2714
2730
2739
2746
2761
2764
2777
2792
2808
2824
2840
2855
2863
2871
2886
2890
2902
2918
2929
2934
2949
2965
2981
2996
3012
3028
3043
3051
3059
3074
3090
3106
3114
3121
3137
3153
3168
3178
3184
3192
3200
3215
3231
3240
3247
3254
3262
3278
3301
3309
3317
3333
3342
3356
3362
3364
3372
3380
3387
3403
3419
3427
3435
3442
3458
3466
3470
3473
3483
3489
3497
3505
3513
3528
3544
3560
3568
3583
3591
3607
3615
3622
3630
3638
3655
3660
3671
3677
3685
3693
3709
3716
3732
3740
3748
3756
3763
3779
3795
3810
3818
3834
3842
3857
3865
3873
3881
3889
3904
3920
3928
3936
3943
3947
3959
3967
3975
3983
3991
3998
4006
4014
4030
4045
4053
4061
4069
4084
4092
4108
4116
4123
4131
4139
4155
4165
4170
4178
4186
4196
4206
4210
4218
4225
4233
4241
4249
4265
4296
4312
4327
4343
4359
4374
4390
4398
4406
4421
4437
4452
4468
4484
4500
4503
4515
4531
4546
4558
4562
4578
4593
4609
4618
4625
4641
4656
4672
4683
4687
4703
4719
4728
4735
4750
4755
4766
4782
4797
4813
4828
4844
4860
4868
4875
4891
4907
4922
4938
4954
4969
4985
4993
5001
5016
5025
5032
5047
5056
5063
5079
5095
5103
5110
5126
5134
5142
5157
5173
5181
5189
5204
5220
5229
5236
5251
5259
5267
5275
5299
5306
5314
5329
5345
5361
5369
5377
5384
5392
5408
5423
5431
5439
5455
5457
5470
5486
5502
5507
5510
5517
5533
5548
5557
5564
5580
5596
5611
5627
5636
5639
5643
5652
5658
5674
5682
5690
5706
5721
5737
5752
5760
5768
5783
5800
5808
5811
5816
5831
5846
5862
5878
5885
5894
5903
5909
5925
5935
5940
5956
5958
5972
5987
6003
6019
6034
6050
6066
6081
6097
6107
6112
6120
6128
6137
6144
6153
6155
6159
6175
6183
6191
6207
6222
6238
6246
6253
6261
6269
6286
6294
6300
6309
6316
6330
6332
6347
6358
6363
6371
6379
6389
6395
6404
6410
6426
6434
6441
6457
6472
6481
6489
6497
6504
6512
6520
6528
6536
6543
6551
6567
6583
6598
6606
6614
6630
6637
6645
6653
6661
6677
6684
6692
6708
6724
6731
6739
6755
6762
6771
6780
6786
6802
6810
6818
6833
6849
6857
6865
6872
6880
6888
6896
6904
6912
6927
6935
6943
6958
6974
6981
6990
6997
7005
