-2 7296 0 0 1 false
0.0 0.0
27.26776367598213 0.508843537414966
41.358130717277525 1.017687074829932
43.091919088363646 1.526530612244898
57.14588556289673 2.035374149659864
66.28275694847108 2.54421768707483
61.996630620956424 3.053061224489796
45.46581914424896 3.5619047619047617
58.41512084007263 4.070748299319728
45.884388303756715 4.579591836734694
43.244786977767944 5.08843537414966
38.31817364692688 5.597278911564626
51.026863718032835 6.106122448979592
43.37973351478577 6.614965986394558
32.63309473991394 7.123809523809523
39.17102026939392 7.63265306122449
78.04658436775208 8.141496598639456
77.6535195350647 8.650340136054421
83.84860591888427 9.159183673469387
97.28489713668823 9.668027210884354
97.27883567810059 10.17687074829932
92.28191080093384 10.685714285714285
86.50905447006225 11.194557823129252
106.62107391357422 11.703401360544218
109.69739017486572 12.212244897959184
94.61922235488892 12.72108843537415
88.92689819335938 13.229931972789116
122.03915672302246 13.738775510204082
192.53055210113524 14.247619047619047
201.22882995605468 14.756462585034013
740.8291198730469 15.26530612244898
1060.9905014038086 15.774149659863946
852.4245216369629 16.282993197278913
938.9617393493652 16.791836734693877
1019.9071319580078 17.300680272108842
1000.9894653320313 17.80952380952381
932.4260864257812 18.318367346938775
930.9067184448243 18.827210884353743
1054.7571502685546 19.336054421768708
1182.3355621337892 19.844897959183672
1160.1485397338868 20.35374149659864
1125.8785873413085 20.862585034013605
1104.388409423828 21.37142857142857
1052.3489624023437 21.88027210884354
878.2313171386719 22.389115646258503
992.6000701904297 22.897959183673468
983.46201171875 23.406802721088436
908.1649597167968 23.9156462585034
902.7975631713867 24.42448979591837
1060.5970489501954 24.933333333333334
987.2020263671875 25.4421768707483
1130.6421966552734 25.951020408163266
1199.3776321411133 26.45986394557823
1231.2959289550781 26.968707482993196
1082.2242568969727 27.477551020408164
940.4055038452149 27.98639455782313
1018.6631759643554 28.495238095238093
1003.5937484741211 29.00408163265306
990.1976211547851 29.512925170068026
1103.766014099121 30.021768707482995
1257.6798614501954 30.53061224489796
1131.174871826172 31.039455782312924
1114.6980529785155 31.548299319727892
1319.2672119140625 32.05714285714286
1388.5603759765625 32.565986394557825
1365.478253173828 33.074829931972786
1205.983383178711 33.583673469387755
1193.646450805664 34.09251700680272
1104.2689392089844 34.601360544217684
1030.7817810058593 35.11020408163265
1086.881900024414 35.61904761904762
1174.8225494384765 36.12789115646258
1212.316876220703 36.63673469387755
1176.8234100341797 37.14557823129252
1282.4961364746093 37.654421768707486
1403.5150146484375 38.16326530612245
1285.7353057861328 38.672108843537416
1186.8138610839844 39.180952380952384
1163.5022430419922 39.689795918367345
1247.7721801757812 40.19863945578231
1238.2867919921875 40.70748299319728
1164.2250427246095 41.21632653061224
1259.6486755371093 41.72517006802721
1184.6141448974608 42.23401360544218
1232.6254928588867 42.74285714285714
1315.4448822021484 43.25170068027211
1408.9191619873047 43.76054421768708
1456.5278289794921 44.26938775510204
1311.2415008544922 44.778231292517006
1111.6610961914062 45.287074829931974
1190.2526580810547 45.795918367346935
1029.922555541992 46.304761904761904
1379.0071350097655 46.81360544217687
1192.9212142944336 47.32244897959184
1281.2859313964843 47.8312925170068
1279.3445129394531 48.34013605442177
1296.9106353759767 48.84897959183674
1337.540350341797 49.3578231292517
1327.9171569824218 49.86666666666667
1342.1277801513672 50.375510204081635
1505.5191314697265 50.8843537414966
1326.3349548339843 51.393197278911565
1187.1909240722657 51.90204081632653
1325.9274505615235 52.410884353741494
1187.134457397461 52.91972789115646
1079.915301513672 53.42857142857143
1035.1999839782716 53.93741496598639
1028.5562957763673 54.44625850340136
997.5896484375 54.95510204081633
1094.1599243164062 55.46394557823129
1052.5970405578614 55.97278911564626
1183.466860961914 56.481632653061226
1165.7202987670898 56.99047619047619
1032.0756057739259 57.499319727891155
991.6894500732421 58.00816326530612
932.6624893188476 58.51700680272109
1269.1509735107422 59.02585034013605
1085.5536315917968 59.53469387755102
1148.3002136230468 60.04353741496599
1138.6275848388673 60.55238095238095
1286.1190795898438 61.06122448979592
1315.3989219665527 61.57006802721089
1355.0894775390625 62.07891156462585
1401.3814819335937 62.587755102040816
1179.699270629883 63.096598639455785
1046.7392890930175 63.605442176870746
1211.5281524658203 64.11428571428571
1273.3447265625 64.62312925170068
1214.5447052001953 65.13197278911565
1188.6934600830077 65.64081632653061
1221.5630722045898 66.14965986394557
1329.335137939453 66.65850340136055
1223.2228622436523 67.16734693877551
1255.234033203125 67.67619047619047
1292.1819427490234 68.18503401360545
1234.0944534301757 68.6938775510204
1024.554354095459 69.20272108843537
1080.3454986572265 69.71156462585034
1296.5039916992187 70.2204081632653
1105.604232788086 70.72925170068027
1227.9868408203124 71.23809523809524
1348.4395141601562 71.7469387755102
1465.512222290039 72.25578231292516
1061.921109008789 72.76462585034014
1250.96044921875 73.2734693877551
1483.36416015625 73.78231292517007
1502.3558807373047 74.29115646258504
1264.521905517578 74.8
1264.1836135864257 75.30884353741497
1356.2479064941406 75.81768707482993
1064.7198669433594 76.3265306122449
1151.398489379883 76.83537414965987
1172.2928680419923 77.34421768707483
1240.8022399902343 77.85306122448979
1230.0388427734374 78.36190476190477
1331.294869995117 78.87074829931973
1558.7245971679688 79.37959183673469
1301.5016845703126 79.88843537414967
1344.3894348144531 80.39727891156463
1270.6179595947265 80.90612244897959
1168.6897430419922 81.41496598639456
1158.8459106445312 81.92380952380952
1348.4140991210938 82.43265306122449
1322.913885498047 82.94149659863946
1277.125161743164 83.45034013605442
1182.9120407104492 83.95918367346938
1258.3336029052734 84.46802721088436
1379.9669067382813 84.97687074829932
1439.961474609375 85.48571428571428
1383.19951171875 85.99455782312926
1361.3896514892579 86.50340136054422
1218.5940338134765 87.01224489795918
1077.2400817871094 87.52108843537415
1178.0215057373048 88.02993197278911
1241.7136322021483 88.53877551020408
1298.2559783935546 89.04761904761905
1199.5831130981446 89.55646258503401
1180.8623626708984 90.06530612244897
1224.7536376953126 90.57414965986395
1158.8913513183593 91.08299319727891
1318.8587829589844 91.59183673469387
1393.2669830322266 92.10068027210885
1269.7903686523437 92.60952380952381
1253.5946411132813 93.11836734693877
1275.0467071533203 93.62721088435374
1283.1441925048828 94.1360544217687
1230.906671142578 94.64489795918368
1126.890074157715 95.15374149659864
1429.3182098388672 95.6625850340136
1251.5073944091796 96.17142857142858
1151.5279113769532 96.68027210884354
1447.8627349853516 97.1891156462585
1426.1987548828124 97.69795918367348
682.6929458618164 98.20680272108844
564.4104919433594 98.7156462585034
663.4539321899414 99.22448979591837
534.8907577514649 99.73333333333333
560.9794006347656 100.2421768707483
563.359952545166 100.75102040816327
605.7452857971191 101.25986394557823
466.5206443786621 101.7687074829932
518.1147766113281 102.27755102040817
632.9611068725586 102.78639455782313
593.7675834655762 103.29523809523809
456.7638710021973 103.80408163265307
578.6503341674804 104.31292517006803
566.393832397461 104.82176870748299
591.9155502319336 105.33061224489796
479.0851631164551 105.83945578231292
581.2083793640137 106.34829931972789
613.2660385131836 106.85714285714286
599.3409088134765 107.36598639455782
475.691056060791 107.87482993197278
592.9063804626464 108.38367346938776
687.4772506713867 108.89251700680272
544.8686706542969 109.40136054421768
588.9873260498047 109.91020408163266
694.3011032104492 110.41904761904762
504.66661834716797 110.92789115646258
578.3636497497558 111.43673469387755
539.0609992980957 111.94557823129252
676.5759750366211 112.45442176870748
655.1255416870117 112.96326530612245
483.7466735839844 113.47210884353741
900.8301620483398 113.98095238095237
875.1470260620117 114.48979591836735
660.8682434082032 114.99863945578231
575.0625633239746 115.50748299319729
873.3859619140625 116.01632653061225
833.3135162353516 116.52517006802721
789.7618743896485 117.03401360544218
654.7749404907227 117.54285714285714
736.1590438842774 118.0517006802721
714.1248291015625 118.56054421768708
761.347053527832 119.06938775510204
808.0345489501954 119.578231292517
788.0107704162598 120.08707482993198
559.2935272216797 120.59591836734694
567.6395881652832 121.1047619047619
673.3447715759278 121.61360544217688
686.6557556152344 122.12244897959184
611.5235076904297 122.6312925170068
617.2293319702148 123.14013605442177
875.5660018920898 123.64897959183673
936.0734741210938 124.1578231292517
791.477018737793 124.66666666666667
862.8903297424316 125.17551020408163
846.5092727661133 125.6843537414966
953.8749740600585 126.19319727891157
1021.0835678100586 126.70204081632653
1039.1341232299806 127.21088435374149
957.5926086425782 127.71972789115647
1435.5947723388672 128.22857142857143
1155.1768615722656 128.7374149659864
1178.5240203857422 129.24625850340135
1131.6730590820312 129.75510204081633
1158.5464813232422 130.2639455782313
1179.2182678222657 130.77278911564625
1224.7911987304688 131.28163265306122
1343.0747131347657 131.7904761904762
1271.808297729492 132.29931972789115
1220.4176239013673 132.80816326530612
1385.7659240722655 133.3170068027211
1541.673812866211 133.82585034013604
1543.8332824707031 134.33469387755102
1657.7256469726562 134.843537414966
1536.4361358642577 135.35238095238094
1293.231707763672 135.86122448979592
1142.9710174560546 136.3700680272109
1179.203530883789 136.87891156462584
1177.7747589111327 137.3877551020408
1145.6330657958983 137.8965986394558
1328.074787902832 138.40544217687074
1312.7998794555665 138.9142857142857
1418.5649871826172 139.4231292517007
1473.3931640625 139.93197278911563
1242.4166885375976 140.4408163265306
1145.356982421875 140.94965986394558
1275.5131530761719 141.45850340136053
1399.451922607422 141.9673469387755
1569.214306640625 142.47619047619048
1313.2995910644531 142.98503401360543
1186.2548400878907 143.4938775510204
1123.575506591797 144.00272108843538
1232.2930816650392 144.51156462585033
1223.1700012207032 145.0204081632653
1367.161605834961 145.52925170068028
1424.1920654296875 146.03809523809525
1239.5454193115233 146.5469387755102
1256.5433319091796 147.05578231292517
1160.2331420898438 147.56462585034015
1129.4505310058594 148.0734693877551
1163.5780120849608 148.58231292517007
1254.7345031738282 149.09115646258505
1165.3834289550782 149.6
1758.4056365966796 150.10884353741497
1732.8664337158202 150.61768707482995
1752.3639068603516 151.1265306122449
1352.5572082519532 151.63537414965987
1060.7043395996093 152.14421768707484
1103.5056457519531 152.6530612244898
1172.4205108642577 153.16190476190476
1165.876872253418 153.67074829931974
1564.9185836791992 154.1795918367347
1668.7312469482422 154.68843537414966
1306.8754333496095 155.19727891156464
1055.0209457397461 155.70612244897958
1179.616958618164 156.21496598639456
1373.5029418945312 156.72380952380954
1225.5211456298828 157.23265306122448
1259.2072738647462 157.74149659863946
1619.3584594726562 158.25034013605443
1118.95721282959 158.75918367346938
1021.7633331298828 159.26802721088436
1062.8078598022462 159.77687074829933
1062.7749114990233 160.28571428571428
950.9769470214844 160.79455782312925
1158.176498413086 161.30340136054423
1397.2526596069335 161.81224489795918
1370.3272399902344 162.32108843537415
1409.5914672851563 162.82993197278913
1095.6364288330078 163.33877551020407
1251.7292602539062 163.84761904761905
1044.2159698486328 164.35646258503402
875.4757766723633 164.86530612244897
1237.9278030395508 165.37414965986395
1666.3485168457032 165.88299319727892
1368.3141143798828 166.39183673469387
1207.3181762695312 166.90068027210884
1073.4409423828124 167.40952380952382
1009.9330200195312 167.91836734693877
1034.6902023315429 168.42721088435374
1546.4004821777344 168.93605442176872
1614.4268768310546 169.44489795918366
1355.801565551758 169.95374149659864
1292.2721374511718 170.4625850340136
1027.8645751953125 170.97142857142856
1182.5299072265625 171.48027210884354
1103.6992645263672 171.9891156462585
1270.0927307128907 172.49795918367346
1377.6378692626954 173.00680272108843
1631.3823303222657 173.5156462585034
1371.022967529297 174.02448979591836
1184.4172790527343 174.53333333333333
1269.6510162353516 175.0421768707483
1263.082958984375 175.55102040816325
1117.7890670776367 176.05986394557823
1337.0987030029296 176.5687074829932
1431.1317413330078 177.07755102040815
1261.4978378295898 177.58639455782313
1323.9312240600586 178.0952380952381
1116.4482513427733 178.60408163265305
1235.5892608642578 179.11292517006802
1096.3028533935546 179.621768707483
742.867499256134 180.13061224489795
1518.4819182395936 180.63945578231292
1719.3963745117187 181.1482993197279
1400.4249633789063 181.65714285714284
1296.3882781982422 182.16598639455782
1069.6394332885743 182.6748299319728
1286.1612396240234 183.18367346938774
1471.3638244628905 183.69251700680272
1601.0800567626952 184.2013605442177
1675.8815490722657 184.71020408163264
1423.3152359008789 185.21904761904761
1309.3777282714843 185.7278911564626
1241.9314971923827 186.23673469387754
1514.5340362548827 186.7455782312925
1449.5450866699218 187.2544217687075
1194.9886505126954 187.76326530612246
1499.5380981445312 188.2721088435374
1205.5314437866211 188.78095238095239
1304.0835266113281 189.28979591836736
1196.9098571777345 189.7986394557823
1113.9090789794923 190.30748299319728
1333.080877685547 190.81632653061226
1332.3177368164063 191.3251700680272
1452.8580963134766 191.83401360544218
1527.6921752929688 192.34285714285716
1564.0040954589845 192.8517006802721
1430.1446868896485 193.36054421768708
1253.2202514648438 193.86938775510205
1311.6302520751954 194.378231292517
1117.100437927246 194.88707482993198
1580.6518020629883 195.39591836734695
1998.0014862060548 195.9047619047619
1766.3642028808595 196.41360544217687
1568.286294555664 196.92244897959185
1457.7936462402345 197.4312925170068
1580.8007415771485 197.94013605442177
1764.4739990234375 198.44897959183675
1797.512255859375 198.9578231292517
2026.1305297851563 199.46666666666667
1782.7054260253906 199.97551020408164
1702.6592376708984 200.4843537414966
1516.3642578125 200.99319727891157
1620.5873931884767 201.50204081632654
1763.221661376953 202.0108843537415
1783.2664489746094 202.51972789115646
1656.367202758789 203.02857142857144
1769.3747192382812 203.5374149659864
1794.7819946289062 204.04625850340136
1672.8674285888671 204.55510204081634
1642.58720703125 205.06394557823128
1868.7658660888671 205.57278911564626
1690.2699462890625 206.08163265306123
1540.5730590820312 206.59047619047618
1875.3874053955078 207.09931972789116
1932.6421936035156 207.60816326530613
1613.6870574951172 208.11700680272108
1394.9753875732422 208.62585034013605
1630.266049194336 209.13469387755103
1758.5570861816407 209.64353741496598
983.3874401092529 210.15238095238095
17.2378937125206 210.66122448979593
0.6296364311128855 211.17006802721087
0.03790379511192441 211.67891156462585
0.0016398376412148253 212.18775510204082
0.0 212.69659863945577
0.0 213.20544217687075
0.0 213.71428571428572
0.0 214.22312925170067
0.0 214.73197278911564
0.0 215.24081632653062
0.0 215.74965986394557
0.0 216.25850340136054
0.0 216.76734693877552
0.0 217.27619047619046
0.0 217.78503401360544
0.0 218.29387755102042
