134
153
162
170
186
219
252
262
285
302
320
329
335
362
368
401
418
436
444
451
484
488
492
502
518
550
559
567
584
592
600
617
625
633
643
650
668
670
675
683
693
701
708
716
737
758
763
766
774
783
801
816
827
832
849
865
882
898
916
935
958
960
964
970
981
998
1007
1014
1023
1031
1048
1064
1081
1097
1114
1123
1130
1147
1163
1180
1197
1207
1213
1223
1238
1246
1265
1288
1296
1313
1321
1329
1346
1354
1362
1371
1379
1387
1395
1405
1414
1428
1445
1458
1462
1471
1478
1487
1495
1504
1521
1529
1547
1553
1563
1578
1586
1594
1603
1611
1619
1627
1644
1652
1662
1679
1694
1762
1780
1795
1819
1830
1838
1846
1855
1861
1893
1919
1960
1972
1976
1988
2026
2034
2051
2084
2093
2109
2158
2174
2183
2191
2221
2241
2245
2250
2261
2277
2290
2307
2311
2315
2327
2348
2353
2356
2366
2393
2423
2427
2432
2441
2447
2457
2492
2506
2523
2539
2557
2566
2572
2577
2588
2613
2621
2628
2638
2658
2671
2675
2689
2692
2697
2704
2722
2726
2746
2757
2763
2771
2775
2778
2788
2824
2828
2839
2845
2853
2882
2887
2891
2895
2904
2920
2954
2959
2970
2980
3019
3045
3052
3089
3104
3110
3118
3147
3152
3156
3160
3169
3186
3201
3219
3224
3235
3243
3284
3311
3375
3408
3412
3434
3441
3466
3474
3484
3499
3533
3541
3549
3590
3599
3607
3616
3623
3632
3640
3648
3665
3673
3682
3690
3698
3706
3723
3739
3748
3754
3756
3764
3781
3789
3797
3806
3814
3822
3830
3848
3872
3882
3901
3914
3922
3939
3947
3963
3972
3982
4014
4032
4034
4039
4080
4088
4093
4097
4109
4113
4146
4155
4179
4204
4214
4229
4245
4262
4265
4271
4279
4296
4304
4311
4346
4383
4397
4413
4429
4445
4469
4479
4510
4545
4552
4561
4568
4577
4583
4597
4612
4615
4626
4644
4648
4662
4677
4686
4692
4697
4701
4717
4734
4775
4781
4792
4809
4817
4826
4841
4846
4859
4862
4877
4880
4883
4896
4898
4909
4945
4949
4959
4974
5002
5007
5016
5025
5041
5073
5090
5106
5139
5156
5174
5210
5224
5239
5267
5272
5281
5290
5298
5307
5338
5356
5363
5397
5405
5431
5438
5471
5476
5479
5482
5492
5504
5521
5523
5537
5542
5554
5558
5562
5574
5587
5592
5605
5609
5621
5637
5641
5654
5657
5659
5670
5675
5689
5703
5716
5728
5736
5769
5786
5794
5802
5807
5811
5819
5861
5870
5886
5922
5935
5952
5962
